version: 1
creator: callgrind-3.10.0.SVN
pid: 11288
cmd:  ./mandelbrot-512-500-375--2-0.6--1-1-6-1
part: 1


desc: I1 cache: 
desc: D1 cache: 
desc: LL cache: 

desc: Timerange: Basic block 0 - 116030865
desc: Trigger: Program termination

positions: line
events: Ir
summary: 1084833747


ob=(4) /lib/x86_64-linux-gnu/libpthread-2.19.so
fl=(101) /build/buildd/eglibc-2.19/nptl/../nptl/sysdeps/unix/sysv/linux/x86_64/lowlevellock.S
fn=(474) __lll_lock_wait
118 18
+2 18
+4 18
+1 18
+1 18
+2 18
+1 18
+3 18
+1 18
+2 21
+1 21
+2 21
+1 21
+2 18
+3 18
+3 18

fn=(476) __lll_unlock_wake
358 21
+2 21
+5 21
+1 21
+1 21
+1 21
+1 21
+2 21
+3 21
+3 21

fl=(84) /build/buildd/eglibc-2.19/nptl/../nptl/pthread_mutex_lock.c
fn=(350) pthread_mutex_lock
63 2
+3 2
-3 2
+3 2
+4 2
-4 2
+4 4
+4 4
+84 2
+5 2
-2 2
+7 2
+1 4
-86 4
+11 8
+4 2
+3 4
+13 10
+2 4
+1 4

fl=(49) /build/buildd/eglibc-2.19/nptl/nptl-init.c
fn=(208) __pthread_initialize_minimal
281 1
+16 1
-2 1
-14 1
+16 1
-16 2
+16 3
+1 2
+1 1
+4 3
+5 1
+4 1
+3 2
-7 1
+2 1
+5 1
+31 1
-6 1
+6 6
+3 1
-3 1
+3 1
+1 2
+1 2
+7 3
+3 1
fi=(135) /build/buildd/eglibc-2.19/nptl/../nptl/sysdeps/pthread/list.h
60 1
fe=(49)
361 1
+1 1
fi=(135)
60 1
+1 1
+1 1
+2 1
fe=(49)
366 2
+6 1
+2 2
-1 1
+1 1
+2 1
-4 1
+2 19
+2 3
cfi=(50) /build/buildd/eglibc-2.19/nptl/../sysdeps/unix/sysv/linux/x86_64/sigaction.c
cfn=(210) __libc_sigaction
calls=1 49 
* 66
+3 1
+3 3
-2 1
-1 1
+3 1
cfi=(50)
cfn=(210)
calls=1 49 
* 66
fi=(51) /build/buildd/eglibc-2.19/nptl/../sysdeps/unix/sysv/linux/bits/sigset.h
117 1
fe=(49)
389 1
fi=(51)
117 1
fe=(49)
389 5
+6 3
cob=(1) /lib/x86_64-linux-gnu/ld-2.19.so
cfi=(36) /build/buildd/eglibc-2.19/elf/dl-tls.c
cfn=(226) _dl_get_tls_static_info
calls=1 -75 
* 5
cob=(1)
cfi=(52) /build/buildd/eglibc-2.19/elf/../sysdeps/x86_64/dl-trampoline.S
cfn=(220) _dl_runtime_resolve
calls=1 34 
* 1254
* 5
+3 3
+4 2
+5 2
-5 4
+5 1
cob=(3) /lib/x86_64-linux-gnu/libc-2.19.so
cfi=(54) /build/buildd/eglibc-2.19/resource/../sysdeps/unix/syscall-template.S
cfn=(232) getrlimit
calls=1 81 
* 5
cob=(1)
cfi=(52)
cfn=(220)
calls=1 34 
* 934
* 5
* 2
+12 1
+7 1
-7 1
+1 5
+5 4
+1 3
+1 2
+1 3
+1 2
+4 1
cob=(3)
cfi=(55) /build/buildd/eglibc-2.19/elf/dl-tsd.c
cfn=(238) __libc_dl_error_tsd
calls=1 48 
* 3
cob=(1)
cfi=(52)
cfn=(220)
calls=1 34 
* 1107
* 5
* 1
+10 1
-10 1
cob=(1)
cfi=(2) /build/buildd/eglibc-2.19/elf/rtld.c
cfn=(92) _dl_initial_error_catch_tsd
calls=1 798 
* 2
* 2
+1 1
+6 1
+1 1
-7 1
+4 1
+4 1
-4 1
+1 2
+3 1
+3 1
+11 3
-11 1
+3 2
+2 2
+6 1
cob=(3)
cfi=(56) /build/buildd/eglibc-2.19/nptl/../nptl/sysdeps/unix/sysv/linux/libc_pthread_init.c
cfn=(244) __libc_pthread_init
calls=1 42 
* 443
cob=(1)
cfi=(52)
cfn=(220)
calls=1 34 
* 1115
* 5
+4 1
-6 1
+7 5
-53 3
+4 1
+3 3
-15 3

fl=(91) /build/buildd/eglibc-2.19/nptl/pthread_barrier_init.c
fn=(396) pthread_barrier_init
39 2
+6 3
+2 3
+15 1
-7 1
+1 1
+5 1
-4 1
+12 1
-11 1
+11 1

fl=(50)
fn=(210)
49 2
+4 2
-4 2
+4 2
+3 2
-1 2
+1 4
-1 2
+1 58
+1 8
+2 4
+5 32
+3 4
+8 4
-8 4

fl=(128) /build/buildd/eglibc-2.19/nptl/../nptl/sysdeps/unix/sysv/linux/x86_64/cancellation.S
fn=(698) __pthread_disable_asynccancel
90 6
+1 6
+2 6
+1 6
+1 6
+1 6
+2 6
+2 6
+1 6
+1 6
+1 6
+1 6

fn=(696) __pthread_enable_asynccancel
57 6
+1 6
+1 6
+1 6
+1 6
+2 6
+2 6
+2 6
+1 6
+1 6
+2 6

fl=(96) /build/buildd/eglibc-2.19/nptl/allocatestack.c
fn=(704) __deallocate_stack
759 12
+1 24
+4 6
139 6
fi=(135)
-67 18
+1 12
fe=(96)
770 6
147 6
770 6
154 18
fi=(135)
-94 6
+1 12
-1 6
+2 6
+2 6
fe=(96)
308 12
162 6
309 6
-1 6
+1 6
776 12
+1 12
310 4
cfn=(706) __free_stacks
calls=2 -49 
* 3043
* 4

fn=(706)
261 6
+7 2
-7 6
+7 8
+5 6
139 2
fi=(135)
-67 6
+1 4
fe=(96)
272 2
+10 2
-3 2
147 2
279 2
+3 2
cob=(1)
cfi=(36)
cfn=(712) _dl_deallocate_tls
calls=2 475 
* 853
cob=(1)
cfi=(52)
cfn=(220)
calls=1 34 
* 1185
* 6
+4 6
cob=(3)
cfi=(90) /build/buildd/eglibc-2.19/misc/../sysdeps/unix/syscall-template.S
cfn=(638) munmap
calls=2 81 
* 10
cob=(1)
cfi=(52)
cfn=(220)
calls=1 34 
* 903
* 6
* 4
+4 6
+4 12

fl=(60) /build/buildd/eglibc-2.19/nptl/../sysdeps/x86_64/multiarch/init-arch.c
fn=(260) __get_cpu_features
200 3
54 1
199 1
54 1
+3 1
-3 1
+3 5
-26 2
+6 1
-6 1
+7 1
-1 1
+28 1
-27 1
+27 1
-28 1
+2 1
-1 1
+1 1
+26 1
+1 1
-35 4
+35 1
+5 1
-12 1
+12 1
+3 12
+78 2
+1 7
+7 3
+4 2
+2 3
+4 2
+1 1
+2 2
+3 2
+8 2
+5 1
+1 1
+14 1
-12 1
+12 2
-20 4
+1 4
+1 2
-85 1
-42 1
+42 1
+22 1
-64 2

fl=(126) /build/buildd/eglibc-2.19/nptl/pthread_join.c
fn=(692) pthread_join
43 48
+4 30
+5 6
+2 6
-2 6
+12 42
cfi=(127) /build/buildd/eglibc-2.19/nptl/cleanup_compat.c
cfn=(694) _pthread_cleanup_push
calls=6 -33 
* 36
-8 6
+11 6
cfi=(128)
cfn=(696)
calls=6 -10 
* 66
+2 6
-2 6
+2 6
+1 12
+15 18
+7 38
+4 12
cfi=(128)
cfn=(698)
calls=6 -6 
* 72
+3 18
cfi=(127)
cfn=(700) _pthread_cleanup_pop
calls=6 -52 
* 30
+9 6
-3 6
+3 6
+5 12
cfi=(95) /build/buildd/eglibc-2.19/nptl/pthread_create.c
cfn=(702) __free_tcb
calls=6 +90 
* 3333
* 6
+6 48

fl=(58) ???
fn=(772) 0x0000000000006950
0 8
cob=(3)
cfi=(132) /build/buildd/eglibc-2.19/stdlib/cxa_finalize.c
cfn=(758) __cxa_finalize
calls=1 31 
0 65
cob=(1)
cfi=(52)
cfn=(220)
calls=1 34 
0 1024
0 5
0 1
cfn=(784) 0x00000000000068e0
calls=1 0 
0 9
0 3

fn=(250) 0x0000000000006990
0 16

fn=(784)
0 9

fl=(114) /build/buildd/eglibc-2.19/nptl/cleanup_defer_compat.c
fn=(546) _pthread_cleanup_pop_restore
68 375018
+3 562527
+23 562527

fn=(540) _pthread_cleanup_push_defer
30 187509
+1 187509
+1 375018
+2 187509
+3 562527
+17 562527
-2 187509
+4 375018

fl=(86) /build/buildd/eglibc-2.19/nptl/pthread_mutex_unlock.c
fn=(360) pthread_mutex_unlock
41 2
309 2
41 2
+1 2
-1 2
+1 4
+4 4
+5 2
+3 2
+3 6
311 4
63 4
+6 8
+4 6
+3 4

fl=(59) /build/buildd/eglibc-2.19/nptl/../nptl/sysdeps/unix/sysv/linux/x86/elision-conf.c
fn=(258) elision_init
64 1
+1 1
cfi=(60)
cfn=(260)
calls=1 200 
* 96
* 4
+4 2

fl=(100) /build/buildd/eglibc-2.19/nptl/../nptl/sysdeps/unix/sysv/linux/x86_64/pthread_barrier_wait.S
fn=(470) pthread_barrier_wait
31 35
+1 35
+1 35
+2 35
+4 35
+1 35
+4 30
+6 30
+2 30
+6 30
+5 30
+1 30
+1 30
+6 30
+4 30
+4 30
+1 30
+1 30
+2 30
+1 30
+1 30
+5 4
+2 4
+2 30
+2 30
+5 5
+7 5
+1 5
+1 5
+1 5
+1 5
+4 5
+1 5
+1 5
+2 5
+1 5
+1 5
+5 1
+2 1
+2 5
+2 5
+2 18
+1 18
+1 18
+1 18
cfi=(101)
cfn=(474)
calls=18 -20 
* 300
+1 18
+1 18
+2 1
+1 1
+1 1
+1 1
cfi=(101)
cfn=(476)
calls=1 358 
* 10
+1 1
+2 16
+1 16
+1 16
+1 16
cfi=(101)
cfn=(476)
calls=16 358 
* 160
+1 16
+1 16
+2 4
+1 4
+1 4
+1 4
cfi=(101)
cfn=(476)
calls=4 358 
* 40
+1 4

fl=(127)
fn=(700)
47 12
+4 18

fn=(694)
31 6
+1 6
+1 12
+2 12

fl=(98) /build/buildd/eglibc-2.19/nptl/../nptl/sysdeps/pthread/createthread.c
fn=(446) do_clone.constprop.3
51 6
+8 6
-8 36
+8 18
+14 6
+2 54
cob=(3)
cfi=(99) /build/buildd/eglibc-2.19/misc/../sysdeps/unix/sysv/linux/x86_64/clone.S
cfn=(452) clone
calls=6 -20 
* 108
cob=(1)
cfi=(52)
cfn=(220)
calls=1 -41 
* 905
* 10
+3 12
+18 12
+44 6
+2 6
+1 30

fl=(95)
fn=(420) pthread_create@@GLIBC_2.2.5
466 54
+6 6
-6 18
+5 6
+1 6
fi=(96)
353 6
cob=(3)
cfi=(93) /build/buildd/eglibc-2.19/misc/../sysdeps/unix/sysv/linux/getpagesize.c
cfn=(408) getpagesize
calls=6 29 
* 30
* 6
* 12
+3 18
+5 18
+4 24
+1 6
+1 12
+4 18
475 12
+11 6
-11 6
+11 6
-11 42
+12 12
+4 42
+2 18
+1 6
-2 12
179 24
+8 24
641 18
+70 12
+15 6
-10 6
+5 6
+3 6
+2 6
+2 6
+7 18
fe=(95)
528 6
-9 6
+3 6
+11 6
-5 6
+1 6
+4 12
-4 6
+3 6
+2 18
+5 18
-6 6
+6 6
+3 36
+5 6
+1 6
-1 6
+1 6
+4 12
+5 12
+4 18
+45 12
fi=(98)
151 12
+35 24
+52 12
+2 6
-2 6
+3 6
+1 12
+3 18
cfn=(446)
calls=6 51 
* 1215
+3 6
-3 6
+3 18
fe=(95)
614 12
+3 6
+1 48
fi=(98)
239 6
-2 6
+2 12
fi=(96)
706 24
212 12
509 12
+4 6
-4 6
+4 12
-4 12
+4 18
cob=(3)
cfi=(90)
cfn=(386) mmap
calls=6 81 
* 36
cob=(1)
cfi=(52)
cfn=(220)
calls=1 34 
* 883
* 10
+3 6
-3 6
+3 12
+5 12
+27 24
+9 6
+6 6
-5 6
+8 6
-3 6
+5 18
+15 6
+3 12
+3 12
cob=(1)
cfi=(36)
cfn=(432) _dl_allocate_tls
calls=6 459 
* 3384
cob=(1)
cfi=(52)
cfn=(220)
calls=1 34 
* 1157
* 10
* 18
+13 24
+3 6
154 18
fi=(135)
-94 6
+1 12
-1 6
+2 6
+2 6
fi=(96)
+98 6
607 12
+7 12
+36 24
cob=(3)
cfi=(90)
cfn=(442) mprotect
calls=6 81 
* 30
cob=(1)
cfi=(52)
cfn=(220)
calls=1 34 
* 951
* 10
* 12
fe=(95)

fn=(454) start_thread
233 24
+6 24
+1 6
+5 18
+4 6
cob=(3)
cfi=(66) /build/buildd/eglibc-2.19/ctype/ctype-info.c
cfn=(272) __ctype_init
calls=6 31 
* 96
cob=(1)
cfi=(52)
cfn=(220)
calls=1 34 
* 1035
* 10
+3 24
+11 30
+8 12
+19 6
-4 6
+1 6
+3 6
cob=(3)
cfi=(74) /build/buildd/eglibc-2.19/setjmp/../sysdeps/x86_64/bsd-_setjmp.S
cfn=(326) _setjmp
calls=6 30 
* 174
cob=(1)
cfi=(52)
cfn=(220)
calls=1 34 
* 919
* 10
+1 12
+3 12
+2 18
+16 12
cob=(6) /home/martin/repositories/tddd56/lab1/mandelbrot-512-500-375--2-0.6--1-1-6-1
cfi=(78) /home/martin/repositories/tddd56/lab1/mandelbrot.c
cfn=(464) run_thread
calls=6 -62 
* 817603324
* 6
+10 6
cob=(3)
cfi=(125) /build/buildd/eglibc-2.19/stdlib/cxa_thread_atexit_impl.c
cfn=(658) __call_tls_dtors
calls=6 82 
* 1253
cob=(1)
cfi=(52)
cfn=(220)
calls=1 34 
* 1060
* 10
+3 6
cfn=(666) __nptl_deallocate_tsd
calls=6 113 
* 30
+4 6
cob=(2) ???
cfi=(14) ???
cfn=(672) __libc_thread_freeres
calls=6 0 
* 522
cob=(1)
cfi=(52)
cfn=(220)
calls=1 34 
* 1159
* 10
+6 24
+5 18
+30 12
+35 6
cob=(3)
cfi=(93)
cfn=(408)
calls=6 29 
* 30
* 6
+3 6
-3 6
+3 6
-3 6
+3 18
+1 12
+1 12
+20 18
+3 12
-22 18
cob=(3)
cfi=(90)
cfn=(686) madvise
calls=6 81 
* 30
cob=(1)
cfi=(52)
cfn=(220)
calls=1 34 
* 979
* 10
* 6

fn=(666)
113 24
+82 6

fn=(702)
203 12
+2 24
+10 18
+11 6
+2 6
-2 6
cfi=(96)
cfn=(704)
calls=6 759 
* 3261

fl=(129) /build/buildd/eglibc-2.19/nptl/pthread_barrier_destroy.c
fn=(722) pthread_barrier_destroy
33 1
-6 1
+6 5
+2 3
+2 1
+6 1

fl=(94) /build/buildd/eglibc-2.19/nptl/pthread_attr_setdetachstate.c
fn=(414) pthread_attr_setdetachstate
35 2
+1 2
+7 1
+2 2

fl=(92) /build/buildd/eglibc-2.19/nptl/pthread_attr_init.c
fn=(402) pthread_attr_init@@GLIBC_2.2.5
35 2
+6 24
+6 1
cob=(3)
cfi=(93)
cfn=(408)
calls=1 -18 
* 5
cob=(1)
cfi=(52)
cfn=(220)
calls=1 -13 
* 995
* 5
* 2
+3 3

ob=(2)
fl=(14)
fn=(672)
0 54
cfn=(674) arena_thread_freeres
calls=6 0 
0 36
0 18
cfn=(680) __rpc_thread_destroy
calls=6 0 
0 66
cfn=(678) res_thread_freeres
calls=6 0 
0 96
cfn=(676) strerror_thread_freeres
calls=6 0 
0 156
0 96

fn=(790) 0x0000000004c394f4
0 3

fn=(680)
0 66

fn=(206) 0x0000000004c2c530
0 2
cob=(4)
cfi=(49)
cfn=(208)
calls=1 281 
0 5197
0 2

fn=(674)
0 36

fn=(744) 0x0000000000401b04
0 3

fn=(314) 0x0000000000400928
0 6

fn=(676)
0 18
cob=(1)
cfi=(36)
cfn=(664) __tls_get_addr
calls=6 770 
0 66
0 6
0 18
cob=(3)
cfi=(80) /build/buildd/eglibc-2.19/malloc/malloc.c
cfn=(382) free
calls=6 2917 
0 42
0 6

fn=(284) 0x0000000004a25560
0 6

fn=(770) 0x0000000004a257e8
0 3

fn=(678)
0 96

ob=(1)
fl=(48) /build/buildd/eglibc-2.19/elf/dl-init.c
fn=(204) call_init.part.0
34 40
+8 5
-8 5
+11 5
-3 10
+3 15
+5 12
+5 6
+8 6
+1 18
cob=(2)
cfi=(14)
cfn=(284)
calls=1 -64 
* 6
cob=(3)
cfi=(61) /build/buildd/eglibc-2.19/csu/../csu/init-first.c
cfn=(262) _init
calls=1 -12 
* 211
cob=(2)
cfi=(14)
cfn=(206)
calls=1 -64 
* 5201
+3 3
+1 6
+6 3
+2 6
-2 6
+3 15
+1 12
cob=(5) /usr/lib/valgrind/vgpreload_core-amd64-linux.so
cfi=(70) ???
cfn=(288) 0x0000000000000670
calls=1 -78 
* 16
cob=(3)
cfi=(67) /build/buildd/eglibc-2.19/string/../sysdeps/x86_64/multiarch/../cacheinfo.c
cfn=(274) init_cacheinfo
calls=1 550 
* 1045
cob=(4)
cfi=(58)
cfn=(250)
calls=1 -78 
* 16
* 8
cob=(3)
cfi=(69) /build/buildd/eglibc-2.19/elf/dl-altinit.c
cfn=(282) dlinit_alt
calls=1 -45 
* 4
cob=(4)
cfi=(59)
cfn=(258)
calls=1 -14 
* 104
* 5
-1 10
+3 24
-29 2
+29 6
-34 3

fn=(202) _dl_init
86 11
+1 1
+1 1
+3 3
+7 4
+27 18
+1 15
-90 26
cfn=(204)
calls=4 -2 
* 1451
* 4
+96 8
-96 3
cfn=(204)
calls=1 -2 
* 5383
+58 2

fl=(30) /build/buildd/eglibc-2.19/setjmp/../sysdeps/x86_64/setjmp.S
fn=(94) __sigsetjmp
26 6
+9 6
+1 12
+1 6
+4 6
+1 6
+1 6
+1 6
+1 6
+2 12
+2 6
+1 6
+3 12
+2 6
+4 6
+1 6

fl=(13) /build/buildd/eglibc-2.19/elf/dl-object.c
fn=(28) _dl_new_object
61 56
+1 4
cfi=(9) /build/buildd/eglibc-2.19/string/../sysdeps/x86_64/multiarch/../rtld-strlen.S
cfn=(18) strlen
calls=4 -36 
* 193
+6 4
-6 16
+6 44
+7 16
cfi=(15) /build/buildd/eglibc-2.19/elf/dl-minimal.c
cfn=(32) calloc
calls=4 +27 
* 198
* 4
+3 4
-3 4
+3 4
+4 4
+5 8
-6 4
+6 4
-5 4
+4 8
+1 4
cfi=(16) /build/buildd/eglibc-2.19/string/../sysdeps/x86_64/multiarch/../memcpy.S
cfn=(42) memcpy
calls=4 -26 
* 111
* 4
+10 8
-8 4
+9 4
-1 8
+1 8
-1 4
+1 8
+3 4
-3 4
+3 4
+9 4
-7 4
+4 4
+3 9
+2 2
-2 2
+2 30
-2 30
+12 4
+6 4
-5 4
-1 4
+6 12
-2 4
+2 8
+2 9
+3 9
+4 9
+4 9
+2 1
+6 1
+3 2
+3 5
-3 6
+3 15
+2 3
+4 3
-4 3
cfi=(9)
cfn=(18)
calls=3 26 
* 212
* 6
+4 3
-4 3
+4 9
+64 6
+4 32
-88 9
-39 9
+39 3
+70 9
cfi=(24) /build/buildd/eglibc-2.19/string/../sysdeps/x86_64/memcpy.S
cfn=(66) mempcpy
calls=3 61 
* 115
* 3
+5 56
+1 56
-1 56
+1 59
-1 3
+1 9
+5 6
-57 6
cfi=(15)
cfn=(36) malloc
calls=3 -72 
* 102
* 3
+1 3
-1 3
+1 9

fn=(44) _dl_add_to_namespace_list
32 8
+2 4
-2 12
+2 4
cfi=(2)
cfn=(46) rtld_lock_default_lock_recursive
calls=4 838 
* 8
+2 29
+4 6
-1 27
+2 3
+2 3
+4 3
+4 3
-4 6
+1 6
+1 6
+2 3
+1 9
-1 3
cfi=(2)
cfn=(48) rtld_lock_default_unlock_recursive
calls=3 844 
* 6
-4 1
+4 1
-4 2
+1 2
+1 2
+2 1
+1 3
-1 1
cfi=(2)
cfn=(48)
calls=1 844 
* 2
-5 2

fl=(25) /build/buildd/eglibc-2.19/misc/../sysdeps/unix/syscall-template.S
fn=(68) mmap
81 60
+1 12

fn=(198) munmap
81 4
+1 1

fn=(114) mprotect
81 32
+1 8

fl=(1) ???
fn=(0) 0x00000000000012d0
0 2
cfi=(2)
cfn=(2) _dl_start
calls=1 362 
0 129511
0 14
cfi=(48)
cfn=(202)
calls=1 86 
0 6930
0 3
cob=(6)
cfi=(71) ???
cfn=(298) 0x0000000000400ab0
calls=1 0 
0 267086140

fl=(34) /build/buildd/eglibc-2.19/io/../sysdeps/unix/sysv/linux/wordsize-64/xstat.c
fn=(128) _xstat
34 8
-1 8
+1 8
+1 48
+4 2
-4 24

fl=(16)
fn=(42)
61 18
+2 18
+2 18
+3 18
+1 18
+2 5
+1 5
+2 5
+1 5
+5 5
+1 5
-1 13
+1 13
+2 6
+1 6
+2 6
+1 12
+5 6
+1 6
-1 12
+1 12
+2 3
+1 3
+2 3
+1 3
+5 3
+1 3
-1 15
+1 15
+2 11
+1 11
+2 11
+1 11
+5 11
+1 11
-1 7
+1 16
+5 9
+1 9
+1 9
+1 9
+2 9
+2 9
+1 9
+2 9
+8 18
+8 6
+6 6
+2 6
+1 6
+3 3
+1 6
+5 3
+1 3
+2 3
+2 3
+1 3
+2 3
-8 5
+1 5
+2 5
+2 5
+1 5
+2 8
+9 3
+1 3
-1 3
+1 3
+3 6
+1 6
+1 6
+5 5
+2 5
+1 5
+1 5
+1 5
+2 5
+1 5
+1 5
+1 5
+2 5
+1 5
+2 5
+22 6
+6 6
+1 6

fl=(9)
fn=(18)
26 19
+1 19
+1 19
+1 19
+2 10
+1 10
+2 10
+1 10
-1 27
+1 27
+1 36
+1 36
+1 36
+2 36
+5 18
+1 18
+1 18
+1 18
+3 18
-6 6
+1 6
+1 6
+1 6
+3 6
+1 22
+1 22
+1 22
+2 22
+3 21
+1 21
+1 21
+1 21
+3 21
+1 15
+1 15
+1 15
+2 15
+3 9
+1 9
+1 9
+1 9
+3 9
+1 9
+1 9
+1 9
+2 9
+3 8
+1 8
+1 8
+1 8
+3 8
+1 7
+1 7
+1 7
+2 8
+3 1
+2 1
+1 1
-3 17
+2 17
+1 17
+1 13
+2 13
+1 13
+1 12
+2 12
+1 12
+1 9
+2 9
+1 9
+1 9
+2 9
+2 9
+1 9
+1 9
+2 9
+1 9
+1 7
+2 7
+1 7
+1 4
+2 4
+1 4
-1 15
+1 15

fl=(20) /build/buildd/eglibc-2.19/posix/../sysdeps/unix/syscall-template.S
fn=(58) uname
81 4
+1 1

fl=(33) /build/buildd/eglibc-2.19/elf/dl-deps.c
fn=(120) _dl_map_object_deps
147 1
+1 1
-1 2
+1 1
-1 1
+1 1
-1 1
+1 2
-1 5
+1 1
-1 1
+1 2
+14 1
-2 1
+1 1
-13 1
+14 1
+6 3
+10 1
-10 1
+10 3
-14 1
-4 1
+2 1
+17 1
-17 1
-2 2
+2 1
-2 1
+2 1
-2 1
+1 1
+1 1
+6 3
+10 1
-10 1
+10 3
-16 3
+20 1
+21 1
+1 1
-22 2
+19 1
-12 1
+15 1
-16 1
+13 1
343 9
209 1
+8 1
-4 1
+4 1
-8 4
+8 4
-4 4
+4 4
+12 10
+2 3
+11 3
-5 3
-6 6
+5 3
+2 6
+1 6
+3 12
-32 3
+32 6
+50 10
+1 9
-51 316
+1 158
+6 25
cfi=(27) /build/buildd/eglibc-2.19/string/../sysdeps/x86_64/multiarch/../strchr.S
cfn=(72) index
calls=5 24 
* 163
* 10
+5 25
-3 5
+3 5
cfi=(29) /build/buildd/eglibc-2.19/elf/dl-error.c
cfn=(90) _dl_catch_error
calls=5 -91 
* 17004
+2 15
+15 5
+2 10
+5 3
+6 3
-6 6
+3 3
+1 3
+1 3
+1 3
+4 15
-2 12
-57 8
-19 2
471 10
+2 9
+3 6
-1 3
cfi=(15)
cfn=(36)
calls=3 93 
* 102
* 3
+2 3
-2 3
+2 3
+3 3
+1 12
+1 3
-1 6
cfi=(16)
cfn=(42)
calls=3 61 
* 68
+1 12
cfi=(16)
cfn=(42)
calls=3 61 
* 68
+4 3
-1 3
+5 20
+3 12
-1 5
+1 10
202 1
497 6
+1 2
+3 5
+11 3
-1 1
cfi=(15)
cfn=(36)
calls=1 93 
* 34
* 1
+3 1
-3 1
+3 1
+5 7
+1 4
+2 11
+6 12
+4 4
-10 4
+10 4
-10 9
+6 3
+4 1
-10 1
+10 1
-10 3
+13 2
+51 6
+2 3
+42 2
+1 1
-1 6
+1 1
cfi=(26) /build/buildd/eglibc-2.19/string/../sysdeps/x86_64/rtld-memset.S
cfn=(70) memset
calls=1 30 
* 16
* 1
-2 10
+13 1
-6 1
-1 1
+1 1
+6 2
-13 9
+13 3
-6 3
-1 3
+1 3
+6 9
+2 12
+1 6
-1 12
+1 9
+3 21
-1 30
+23 6
-28 12
+31 12
+3 30
cfi=(26)
cfn=(70)
calls=3 30 
* 30
* 21
217 10
+1 22
+2 3
+2 9
+2 26
658 2
+25 2
+2 1
+1 1
-1 1
+2 3
+7 3
+3 2
+3 8
295 222
623 7
cfi=(16)
cfn=(42)
calls=1 61 
* 42
+2 1
-38 1
+38 2

fn=(122) openaux
60 10
+7 5
-4 15
+1 5
-1 5
+1 5
-1 25
cfi=(21) /build/buildd/eglibc-2.19/elf/dl-load.c
cfn=(98) _dl_map_object
calls=5 2317 
* 16614
* 5
+5 10

fl=(19) /build/buildd/eglibc-2.19/elf/../sysdeps/unix/sysv/linux/dl-sysdep.c
fn=(56) _dl_discover_osversion
45 7
+2 3
+85 8
-45 3
cfi=(20)
cfn=(58)
calls=1 -6 
* 5
* 1
+15 1
-15 1
+20 1
-1 1
+3 12
+4 3
-2 6
+2 10
+2 1
+1 2
-3 4
+7 3
-1 3
+4 3
-2 3
+2 10
+5 2

fl=(35) /build/buildd/eglibc-2.19/elf/dl-cache.c
fn=(130) _dl_load_cache_lookup
182 16
+8 4
+3 6
+45 4
+6 6
+9 2
+6 4
-6 6
+6 2
cfi=(23) /build/buildd/eglibc-2.19/io/../sysdeps/unix/syscall-template.S
cfn=(64) access
calls=2 81 
* 18
* 2
+4 2
-10 2
+10 6
+15 302
cfn=(134) _dl_cache_libcmp
calls=19 138 
* 1472
* 103
-82 4
cfi=(31) /build/buildd/eglibc-2.19/elf/dl-misc.c
cfn=(132) _dl_sysdep_read_whole_file
calls=1 45 
* 67
+8 1
-8 1
+8 4
+1 4
cfi=(12) /build/buildd/eglibc-2.19/string/../string/memcmp.c
cfn=(26) bcmp
calls=1 315 
* 112
* 2
+7 1
-3 1
+3 3
+3 1
+1 2
-1 1
+1 1
+1 3
cfi=(12)
cfn=(26)
calls=1 +98 
* 111
* 2
+2 2
+59 48
cfn=(134)
calls=2 138 
* 144
* 6
cfn=(134)
calls=2 138 
* 374
* 12
-14 8
+14 2
-14 4
-1 6
+15 42
+16 4
+5 18
-21 6

fn=(196) _dl_unload_cache
309 4
-1 1
+3 2
cfi=(25)
cfn=(198)
calls=1 81 
* 5
+1 1
+2 2

fn=(134)
138 69
+1 54
+2 268
+2 134
-2 134
+2 8
+6 4
+2 4
-1 4
-1 4
+1 4
-1 4
+2 12
+2 20
+2 8
+6 260
+2 482
+4 111
+1 111
-29 222
+32 8
+1 8
-8 19
+8 38

fl=(10) /build/buildd/eglibc-2.19/elf/../misc/sbrk.c
fn=(20) sbrk
34 4
+8 6
+4 2
+11 5

fl=(12)
fn=(26)
315 16
+3 16
-3 80
+4 16
-4 16
+7 32
+4 18
+2 1
+1 1
+1 1
+1 1
+2 2
-5 1
+1 1
+1 1
+1 1
+2 2
+2 2
-9 6
+16 6
+1 12
-1 12
129 21
-18 9
346 6
+4 3
+2 3
-2 6
+1 3
+5 26
+2 11
+1 11
+1 11
+3 119
-3 67
-2 67
+1 67
+4 134
-7 154
+12 12
+1 128
228 3
-7 3
+1 3
+4 3
+2 3
-6 3
+4 3
+2 15
-95 3
+1 3
+1 3
+1 3
+1 3
+48 3
-2 3
+1 3
+1 21
-80 3
+1 6
+4 6
-5 12
+1 24
+4 27
234 3
+2 3
-4 3
+1 3
+4 3
-2 3
+56 6
-2 3
+2 6
-1 3
+1 6
+1 6
+12 18
+1 6
-6 6

fl=(52)
fn=(220)
34 39
+2 39
+1 39
+1 39
+1 39
+1 39
+1 39
+1 39
+1 39
+1 39
+1 39
cfi=(53) /build/buildd/eglibc-2.19/elf/../elf/dl-runtime.c
cfn=(222) _dl_fixup
calls=39 +21 
* 37015
+1 39
+1 39
+1 39
+1 39
+1 39
+1 39
+1 39
+1 39
+1 39
+2 39

fl=(36)
fn=(150) _dl_determine_tlsoffset
112 7
+6 3
+3 2
+36 1
-34 1
+34 2
+2 3
-2 1
-2 1
-40 1
-1 1
-1 2
+44 6
+5 1
-1 1
+5 2
-4 1
-1 1
+7 1
-7 1
+3 2
+2 1
+2 1
-2 2
+16 5
+2 1
+1 1
-1 2
+10 1
-12 4
+15 4
+1 1
+51 1
+1 8

fn=(712)
475 12
+4 2
-4 2
+1 6
+3 2
+1 90
+1 84
+1 28
cob=(3)
cfi=(80)
cfn=(382)
calls=28 2917 
* 196
* 28
* 56
-3 56
+3 2
-3 8
+6 4
+1 4
cob=(3)
cfi=(80)
cfn=(382)
calls=2 2917 
* 255
* 2
+2 4
+12 12

fn=(152) _dl_allocate_tls_storage
328 1
+13 1
-13 2
+2 1
+11 2
cfi=(15)
cfn=(40) __libc_memalign
calls=1 51 
* 51
* 1
+1 1
-1 1
+1 1
+7 1
+4 306
-58 1
+1 1
-1 1
+1 2
cfi=(15)
cfn=(32)
calls=1 102 
* 43
* 1
+1 2
+9 1
-6 1
+6 1
+64 5

fn=(664)
770 13
+2 39
+3 39
+2 26
+3 13
+1 13

fn=(432)
459 6
+1 6
-1 18
+1 6
295 6
+1 6
-1 6
+1 12
cob=(3)
cfi=(80)
cfn=(434) calloc
calls=6 3161 
* 1602
* 6
+1 12
+3 6
+6 12
460 6
+3 18
-3 6
cfn=(192) _dl_allocate_tls_init
calls=6 -84 
* 1650

fn=(136) _dl_next_tls_modid
50 1
+3 3
+48 2
+4 2

fn=(190) _dl_add_to_slotinfo
831 3
+9 1
-9 1
+6 2
+8 5
+41 1
+1 3
+1 4

fn=(192)
376 49
+1 7
-1 7
+1 7
+4 14
+3 7
-1 7
-2 7
+8 21
+5 49
+6 49
+22 14
+1 28
+2 14
+9 7
-8 7
+8 14
-8 7
+8 7
+1 7
+1 21
cfi=(24)
cfn=(66)
calls=7 61 
* 161
* 35
cfi=(26)
cfn=(70)
calls=7 30 
* 1162
* 21
-42 35
+6 14
+3 7
+1 14
+6 7
+3 7
-3 14
+3 7
-1 14
+38 14
+2 7
+1 56

fn=(226)
320 2
+1 3

fl=(26)
fn=(70)
30 22
+1 22
+1 22
+1 6490
+1 22
+1 22

fl=(11) /build/buildd/eglibc-2.19/elf/dl-environ.c
fn=(24) _dl_next_ld_env_entry
30 3
+3 11
+2 148
+11 72
-13 216
-2 1
+19 1
-14 42
+5 2
-3 2
+3 2
+2 2

fl=(131) /build/buildd/eglibc-2.19/elf/dl-fini.c
fn=(732) _dl_sort_fini
32 9
+2 1
-2 4
+2 1
+6 1
-1 2
+2 1
-1 1
-1 2
+1 4
+1 1
cfi=(26)
cfn=(70)
calls=1 -11 
* 16
* 1
+15 8
+62 5
+3 27
cfi=(26)
cfn=(70)
calls=3 -91 
* 30
* 12
-75 6
-1 9
+1 3
+4 9
+71 1
-75 2
-1 3
+1 1
+4 11
+6 4
+1 4
-1 4
+1 7
+2 12
+1 6
-1 12
+1 9
+3 21
-1 30
+31 18
+21 6
-57 12
+61 16
+7 8

fn=(730) _dl_fini
131 3
+12 1
-12 5
+19 1
-6 1
+9 10
+3 2
cob=(4)
cfi=(84)
cfn=(350)
calls=1 -93 
* 34
+3 2
+3 2
+2 6
+7 1
+4 1
-4 1
+4 3
+2 2
+3 9
+3 2
+10 10
+2 10
+2 5
+2 5
-2 10
+6 5
-5 5
-7 15
+14 2
+5 6
cfn=(732)
calls=1 32 
* 340
+9 2
cob=(4)
cfi=(86)
cfn=(360)
calls=1 41 
* 27
+4 4
+2 1
+2 3
-2 4
+2 12
+3 10
+3 15
+4 6
+7 6
+4 3
+1 3
-1 3
+2 6
+1 9
+1 6
cob=(4)
cfi=(58)
cfn=(772)
calls=1 0 
* 1115
cob=(5)
cfi=(70)
cfn=(746) 0x0000000000000630
calls=1 0 
* 828
cob=(6)
cfi=(71)
cfn=(734) 0x0000000000400b50
calls=1 0 
* 16
-1 9
+5 9
+1 9
cob=(2)
cfi=(14)
cfn=(790)
calls=1 0 
* 3
cob=(2)
cfi=(14)
cfn=(770)
calls=1 0 
* 3
cob=(2)
cfi=(14)
cfn=(744)
calls=1 0 
* 3
+5 30
+16 10
-55 11
-70 2
283 6
-49 4
+55 2
+7 8

fl=(7) /build/buildd/eglibc-2.19/elf/../elf/dl-sysdep.c
fn=(194) _dl_sysdep_start_cleanup
256 1

fn=(12) _dl_sysdep_start
86 7
+25 1
-1 1
+1 1
-25 1
+25 231
+6 1
-3 1
+1 1
-4 1
+3 1
+3 4
+1 6
-1 3
-29 1
-1 2
+31 105
-1 82
fi=(19)
-82 2
cfi=(8) /build/buildd/eglibc-2.19/elf/../sysdeps/unix/sysv/linux/x86_64/brk.c
cfn=(14) brk
calls=1 -4 
* 12
fi=(5) /build/buildd/eglibc-2.19/elf/../sysdeps/x86_64/dl-machine.h
200 5
fe=(7)
+34 2
cfi=(10)
cfn=(20)
calls=1 34 
* 17
* 3
+12 3
+3 6
cfi=(2)
cfn=(22) dl_main
calls=1 891 
* 128126
+1 1
+1 8
151 1
+1 1
+27 1
+1 1
-17 1
+1 1
-7 1
+1 1
-4 1
+1 1
-25 1
+1 1
-4 1
+1 1
-7 1
+1 1
+2 1
+1 1
232 1
cfi=(9)
cfn=(18)
calls=1 26 
* 35
* 2

fl=(29)
fn=(90)
163 12
+15 6
-3 12
+1 12
-13 12
+14 12
+1 6
+2 6
cfi=(2)
cfn=(92)
calls=6 798 
* 12
+2 6
-1 6
+4 6
-5 6
+2 6
+3 6
-4 6
+4 6
cfi=(30)
cfn=(94)
calls=6 26 
* 114
* 18
+2 18
cfi=(33)
cfn=(122)
calls=5 60 
* 16699
cfi=(2)
cfn=(96) map_doit
calls=1 625 
* 2458
+1 12
+2 6
+1 6
-3 6
+1 12
+1 6
+1 6
+8 24

fn=(138) _dl_receive_error
205 10
+1 1
cfi=(2)
cfn=(92)
calls=1 798 
* 2
+5 1
-1 1
-4 1
+9 1
+2 1
-3 1
+3 1
cfi=(2)
cfn=(140) version_check_doit
calls=1 657 
* 5959
+2 1
+1 1
+1 8

fl=(21)
fn=(102) open_verify
1873 10
+36 1
-36 2
+36 2
+21 4
cfi=(23)
cfn=(104) open
calls=1 81 
* 5
+1 1
-1 1
+1 1
+10 1
+1 2
+5 6
cfi=(23)
cfn=(106) read
calls=1 81 
* 5
+2 2
+2 1
+2 1
-2 2
+2 1
+6 2
+16 5
cfi=(12)
cfn=(26)
calls=1 315 
* 88
* 2
+2 1
-2 2
+4 4
cfi=(12)
cfn=(26)
calls=1 315 
* 80
-4 2
+75 2
+5 2
+3 4
+5 2
+7 1
+1 1
-1 4
+1 3
+1 1
+15 61
+2 19
+4 4
+1 2
+13 1
+1 1
+2 1
-3 1
+1 1
-1 1
+1 1
-2 1
+4 2
-7 4
cfi=(12)
cfn=(26)
calls=1 315 
* 80
* 2
-97 3
2154 8

fn=(126) open_verify.constprop.6
1871 120
+38 12
-38 12
+38 24
+21 48
cfi=(23)
cfn=(104)
calls=12 81 
* 100
+1 12
-1 12
+1 12
+10 2
+1 4
+5 12
cfi=(23)
cfn=(106)
calls=2 81 
* 10
+2 4
+2 2
+2 2
-2 4
+2 2
+6 4
+16 10
cfi=(12)
cfn=(26)
calls=2 315 
* 176
* 4
+2 2
-2 4
+4 8
cfi=(12)
cfn=(26)
calls=2 315 
* 160
-4 4
+75 4
+5 4
+3 8
+5 4
+7 2
+1 2
-1 10
+1 6
+1 2
-2 2
+17 90
+2 34
+4 8
+1 4
+13 2
+1 2
+2 2
-3 2
+1 2
-1 2
+1 2
-2 2
+4 4
+5 2
+1 2
-13 8
cfi=(12)
cfn=(26)
calls=2 315 
* 146
* 8
cfi=(12)
cfn=(26)
calls=2 315 
* 160
* 8
+16 4
+6 2
-3 2
+1 2
+1 2
+1 4
+1 8
-4 2
+1 2
+1 2
-1 6
-1 2
+4 4
+5 10
+23 96

fn=(60) _dl_init_paths
714 1
+13 2
-13 8
+13 3
cfi=(22) /build/buildd/eglibc-2.19/elf/dl-hwcaps.c
cfn=(62) _dl_important_hwcaps
calls=1 39 
* 351
+5 1
-5 1
+5 1
cfi=(15)
cfn=(36)
calls=1 93 
* 34
* 1
+1 1
-1 1
-1 1
+2 1
+8 1
-1 1
+1 4
-1 4
+5 2
cfi=(15)
cfn=(36)
calls=1 93 
* 55
* 1
+2 1
-3 1
+3 2
+29 1
-12 1
-10 1
+11 1
+3 2
+8 1
-12 1
+3 2
-14 1
+9 1
+5 3
+9 2
-7 27
cfi=(26)
cfn=(70)
calls=4 30 
* 88
+7 16
-12 3
+12 6
-14 3
+3 6
-1 3
+3 3
-5 3
+6 12
+4 3
-3 3
+3 6
-3 3
-7 6
+25 1
-11 1
+6 1
+1 1
+5 2
+2 4
+2 3
+38 4
+8 3
cfi=(27)
cfn=(72)
calls=1 24 
* 47
* 2
+2 2
cfi=(9)
cfn=(18)
calls=1 26 
* 81
* 8
cfi=(16)
cfn=(42)
calls=1 61 
* 32
* 1
+17 3
-1 2
+3 1
+1 3
+1 1
-4 3
+2 24
+1 72
+1 24
-4 73
+8 1
cfi=(15)
cfn=(36)
calls=1 93 
* 34
* 1
+1 1
-2 1
+2 1
+6 8
cfn=(74) fillin_rpath
calls=1 486 
* 1254
+4 3
+6 1
+4 8
-75 1
-2 1
+2 2
+14 2

fn=(74)
486 8
+2 1
-2 9
+5 1
cfi=(15)
cfn=(76) strsep
calls=1 338 
* 181
* 3
+4 4
cfn=(78) expand_dynamic_string_token
calls=1 -80 
* 149
* 4
cfn=(78)
calls=1 -80 
* 173
+2 2
-2 2
+2 2
cfi=(9)
cfn=(18)
calls=2 26 
* 75
+4 2
-4 2
+4 2
+7 12
+34 4
+4 6
+1 6
-1 2
+1 2
-2 2
cfi=(15)
cfn=(36)
calls=2 93 
* 68
* 2
+3 2
-3 2
+3 6
+5 2
+1 6
-2 2
+2 2
cfi=(24)
cfn=(66)
calls=2 61 
* 58
+3 2
-3 2
+3 2
-2 2
+2 2
+6 8
+1 28
+1 20
+3 2
-1 4
+1 2
+7 2
+1 2
-1 2
+4 6
+2 4
cfi=(15)
cfn=(82) free
calls=2 121 
* 12
* 2
* 4
-90 2
cfi=(15)
cfn=(76)
calls=2 338 
* 243
* 4
+94 1
+3 9
-65 39
+1 18
-16 4
+5 4
+3 10
+26 4
+31 4

fn=(98)
2317 48
+7 6
-7 12
+7 6
+1 12
+3 54
+12 30
-12 45
+5 54
+1 36
+2 54
cfi=(31)
cfn=(100) _dl_name_match_p
calls=18 288 
* 1245
* 39
2607 48
2362 6
+10 18
+26 6
-2 3
+2 3
cfi=(27)
cfn=(72)
calls=3 24 
* 69
* 6
2538 6
cfn=(78)
calls=1 415 
* 239
+1 1
-3 1
+4 1
-1 2
+4 6
cfn=(102)
calls=1 1873 
* 447
+3 1
-3 1
+3 1
+12 12
+2 6
+44 3
+1 24
-1 3
+1 9
cfn=(108) _dl_map_object_from_fd
calls=3 923 
* 9735
* 3
2402 4
cfi=(9)
cfn=(18)
calls=2 26 
* 102
* 2
+2 2
-2 2
+2 2
+7 8
+35 4
+1 30
cfn=(124) open_path
calls=2 2168 
* 1828
* 6
+6 12
691 2
2454 2
691 4
2530 4
-95 8
+21 4
+6 8
+2 6
+4 4
cfi=(35)
cfn=(130)
calls=2 182 
* 2954
+2 2
-2 2
+2 2
+4 6
+8 4
+22 18
cfn=(126)
calls=2 1871 
* 1058
+3 6
161 6
cfi=(9)
cfn=(18)
calls=2 26 
* 159
* 2
+1 4
cfi=(15)
cfn=(36)
calls=2 -69 
* 68
* 2
+2 6
+3 8
cfi=(16)
cfn=(42)
calls=2 61 
* 140
2510 2
-1 2
+1 4
-74 14
691 2
2437 2
691 4
2415 2
+8 6
-7 6
-1 2
+8 16
-3 6
691 2
2421 2
691 4
2341 45
+3 6
+2 6
-1 12
+1 6
cfi=(17) /build/buildd/eglibc-2.19/string/../sysdeps/x86_64/multiarch/../strcmp.S
cfn=(50) strcmp
calls=6 131 
* 105
* 12

fn=(108)
923 36
+11 3
-11 3
+11 3
-11 6
+11 3
cfi=(28) /build/buildd/eglibc-2.19/elf/dl-debug.c
cfn=(84) _dl_debug_initialize
calls=3 50 
* 24
+4 9
-4 3
+4 3
cfi=(32) /build/buildd/eglibc-2.19/io/../sysdeps/unix/sysv/linux/wordsize-64/fxstat.c
cfn=(112) _fxstat
calls=3 34 
* 30
* 6
+11 21
+1 9
-1 27
+1 36
+17 6
+25 6
+10 6
+22 12
+32 6
935 3
1059 21
cfi=(13)
cfn=(28)
calls=3 61 
* 1496
+1 3
-1 3
+1 3
+11 6
+5 3
-5 3
+1 6
+1 3
+2 3
-2 3
+2 12
+1 9
+1 3
+24 6
+8 3
-8 27
+8 3
-8 3
+8 3
+89 3
-95 3
-1 3
+96 3
1092 3
1198 6
+8 15
-96 45
-1 208
+1 160
+6 6
+1 9
+1 3
+3 4
+1 2
+5 30
+6 12
+1 6
-1 24
+8 6
+2 12
-2 6
+1 6
+4 6
-5 12
+1 12
+1 6
+1 6
+3 6
+4 6
-9 6
+2 6
+1 6
+1 6
+1 6
+4 6
+1 9
+5 6
-16 3
+16 15
+10 3
-10 6
-16 3
+16 15
+10 3
+3 3
+5 1
-1 1
+3 1
-1 1
-1 1
+1 1
+3 3
+1 2
+3 2
+4 4
+6 1
cfi=(36)
cfn=(136)
calls=1 50 
* 8
* 2
+1 1
+60 6
+1 9
+1 3
-6 6
+1 12
+8 9
+13 24
+2 6
+14 3
+5 18
cfi=(25)
cfn=(68)
calls=3 81 
* 18
+4 3
-4 3
+4 3
+7 3
+1 3
-1 3
+1 3
+2 3
-3 3
+1 3
+2 3
+10 3
+2 3
+33 18
+1 9
+2 12
+8 24
+6 3
+2 3
-2 3
+1 3
+2 3
-1 3
+1 3
-1 9
+8 6
+3 6
+11 21
cfi=(26)
cfn=(70)
calls=3 30 
* 5258
+1 15
+5 6
+15 6
-74 30
+2 12
+2 24
cfi=(25)
cfn=(68)
calls=3 81 
* 18
* 6
-30 3
-1 15
cfi=(25)
cfn=(114)
calls=3 81 
* 15
* 3
1072 3
1418 12
+9 6
fi=(3) /build/buildd/eglibc-2.19/elf/get-dynamic-info.h
38 3
fe=(21)
1427 3
fi=(3)
38 3
+6 3
-2 3
+2 6
+7 3
+5 3
+3 3
-1 3
-3 3
-3 66
+10 15
-18 45
+8 57
+10 57
-18 171
+18 3
-18 9
+2 150
+5 72
+2 12
+16 6
+20 11
+1 12
+1 12
+1 12
+2 12
+5 12
+1 11
+1 12
+6 9
+5 6
+7 6
+1 9
+16 9
+5 2
+2 2
-2 2
+2 2
+2 4
+2 4
+3 9
+10 2
-8 4
+9 4
-1 2
+5 4
+3 6
fe=(21)
1433 6
+16 9
+19 6
+2 15
+55 9
+1 2
+3 2
cfi=(23)
cfn=(118) close
calls=1 81 
* 5
* 4
cfi=(23)
cfn=(118)
calls=2 81 
* 10
* 6
+8 15
+3 9
+2 3
-2 3
+2 3
+16 6
cfi=(6) /build/buildd/eglibc-2.19/elf/dl-lookup.c
cfn=(10) _dl_setup_hash
calls=3 859 
* 75
+4 6
+1 6
+17 6
+1 2
+3 2
+5 2
-5 2
+1 4
+4 2
-5 1
+5 1
-5 1
+1 2
+4 1
+10 9
cfi=(13)
cfn=(44)
calls=3 32 
* 132
+4 12
+20 24
fi=(3)
56 12
+3 12
+1 3
+1 12
fe=(21)
1356 5
+2 1
-1 3
+1 2
-1 1
+1 2
-1 2
+3 4
+43 16
cfi=(25)
cfn=(68)
calls=2 81 
* 12
+3 4
1537 6
474 2

fn=(78)
415 24
+10 9
cfi=(27)
cfn=(72)
calls=3 24 
* 93
* 6
161 6
cfi=(9)
cfn=(18)
calls=3 26 
* 171
* 3
+1 6
cfi=(15)
cfn=(36)
calls=3 -69 
* 102
* 3
+2 6
+3 9
440 15
167 3
cfi=(16)
cfn=(42)
calls=3 61 
* 105

fn=(124)
2168 16
+1 2
-1 10
+7 2
-7 2
+1 2
+6 2
+5 4
-7 2
+7 2
-8 2
+8 6
+74 2
-74 2
+74 2
-22 4
-52 2
+52 6
-40 2
-9 2
+9 4
-9 2
+9 2
+7 16
cfi=(24)
cfn=(66)
calls=4 61 
* 116
+1 4
-1 4
+1 12
-13 8
+33 16
-20 38
+3 32
+4 80
cfi=(24)
cfn=(66)
calls=10 61 
* 198
* 40
cfi=(24)
cfn=(66)
calls=10 61 
* 230
* 10
+3 10
+3 20
+3 60
cfn=(126)
calls=10 1871 
* 390
* 10
+2 30
+26 8
+2 6
-21 16
+1 72
+6 16
+2 24
-2 8
+2 8
cfi=(34)
cfn=(128)
calls=8 34 
* 98
* 16
+1 2
+2 2
-2 2
+2 16
+7 4
-44 4
+37 12
+7 12
-44 14
+85 20
+7 4
-2 4
+2 12
+3 6
-13 2
+27 22
-72 12

fl=(32)
fn=(112)
34 4
-1 4
+1 4
+1 24
+4 4

fl=(22)
fn=(62)
39 8
+3 1
-1 1
+1 1
+9 1
-12 3
+3 1
-3 1
+3 1
+9 2
+10 4
+31 2
+23 3
cfi=(23)
cfn=(64)
calls=1 -34 
* 9
* 2
-2 1
+17 6
+3 2
+29 2
+8 2
+2 4
+1 4
+4 2
+4 1
-3 1
-1 1
+4 1
+3 2
+4 5
+1 1
-1 7
+1 1
+18 12
+1 4
cfi=(15)
cfn=(36)
calls=1 93 
* 34
* 1
+1 1
-1 1
+1 3
+29 1
+3 1
-3 2
+3 1
+28 9
+1 2
-1 2
+1 6
-1 8
+5 6
+3 1
-3 1
+3 2
-3 1
+3 1
-3 2
+3 1
-3 1
+3 2
-3 1
+3 3
+1 12
+1 4
-1 4
+1 8
-2 4
+1 8
-1 14
+4 4
+3 1
+2 2
-1 1
-1 2
+2 10
+13 2
+1 1
-1 1
+3 2
-3 2
+1 1
-1 1
+3 2
+3 3
+3 1
-1 1
+1 7
145 2
-14 2
243 3
cfi=(24)
cfn=(66)
calls=1 61 
* 22
+1 2
-1 2
+1 1
cfi=(24)
cfn=(66)
calls=1 61 
* 22
* 4

fl=(2)
fn=(92)
798 16

fn=(96)
625 2
+2 7
cfi=(21)
cfn=(98)
calls=1 2317 
* 2446
* 1
+2 2

fn=(2)
362 9
+18 4
fi=(3)
44 1
fe=(2)
380 1
fi=(5)
58 3
fi=(3)
-14 1
fe=(2)
409 1
-3 1
fi=(3)
44 1
+17 2
-3 1
-7 1
+5 1
+3 1
+2 1
-3 1
-3 1
-3 2
-5 26
+15 13
-18 39
+18 1
-18 3
+2 36
+5 20
+1 16
+10 4
-18 12
+25 2
+20 4
+1 4
+1 4
+1 4
+2 4
+5 4
+1 4
+1 4
+6 3
+5 2
+7 3
+1 3
+8 3
+2 3
+3 2
+1 2
fe=(2)
537 2
+7 1
285 2
+12 2
cfi=(6)
cfn=(10)
calls=1 859 
* 25
+1 2
+1 2
+1 2
+1 2
+21 1
+10 1
-10 3
+10 1
-6 1
-4 1
+10 1
cfi=(7)
cfn=(12)
calls=1 86 
* 128691
* 1
+9 4
+3 1
+4 1
-4 1
+4 1
569 9
fi=(3)
53 4
+3 4
fe=(2)
542 34
fi=(4) /build/buildd/eglibc-2.19/elf/do-rel.h
84 1
+27 1
-28 1
+28 2
+1 2
fi=(5)
492 2
fi=(4)
112 18
fi=(5)
492 18
+1 20
fi=(4)
111 20
fi=(5)
493 10
fi=(4)
111 10
+5 2
+8 1
fi=(5)
287 1
fi=(4)
124 2
+13 1
+2 2
-2 1
fi=(5)
241 1
fi=(4)
137 1
fi=(5)
269 1
fi=(4)
137 2
fi=(5)
269 1
fi=(4)
137 8
+2 16
-2 8
fi=(5)
241 8
fi=(4)
137 8
fi=(5)
269 8
fi=(4)
137 16
fi=(5)
269 8
+9 18
+3 9
-3 18
+3 27
+6 54
fi=(3)
59 4
+1 1
+1 2
fe=(2)
285 73
fi=(5)
391 9
+9 9
fi=(4)
124 28
fe=(2)

fn=(140)
657 2
+2 4
cfi=(37) /build/buildd/eglibc-2.19/elf/dl-version.c
cfn=(142) _dl_check_all_versions
calls=1 380 
* 5949
* 2
+4 2

fn=(148) init_tls
724 1
-1 1
-6 1
+2 2
+4 1
+10 4
cfi=(15)
cfn=(32)
calls=1 102 
* 43
* 1
+11 1
-15 1
+3 1
+6 1
+2 1
-11 1
+15 1
+2 1
-1 1
+1 12
+2 10
+4 1
+2 1
-2 2
-5 10
+9 3
+3 1
cfi=(36)
cfn=(150)
calls=1 112 
* 73
+7 1
cfi=(36)
cfn=(152)
calls=1 328 
* 428
+1 1
-1 1
+1 1
+6 1
+8 1
-8 1
+8 6
+4 1
+2 1
+1 2

fn=(46)
838 8

fn=(88) do_preload
804 1
+12 1
-12 5
+10 1
-4 1
+1 1
+5 4
-10 1
+6 1
+4 1
cfi=(29)
cfn=(90)
calls=1 163 
* 2519
+1 3
+8 3
+6 5

fn=(22)
891 1
+19 1
-19 9
+19 1
+3 1
2492 1
891 1
2492 1
913 1
+4 1
-26 1
+26 1
+1 2
+5 2
2485 2
+7 1
-4 1
+4 1
-5 1
+5 9
+2 2
cfi=(11)
cfn=(24)
calls=1 30 
* 76
* 4
cfi=(11)
cfn=(24)
calls=2 30 
* 426
* 9
+4 48
+1 19
-1 57
+3 4
+6 16
+76 4
cfi=(12)
cfn=(26)
calls=1 315 
* 120
* 2
+2 3
-55 4
cfi=(12)
cfn=(26)
calls=1 315 
* 26
* 2
2660 3
+33 3
933 4
1132 7
cfi=(13)
cfn=(28)
calls=1 61 
* 248
+2 1
-2 1
+2 1
+1 1
+1 1
+5 2
-5 1
+1 3
+4 1
cfi=(13)
cfn=(44)
calls=1 32 
* 34
+1 2
900 1
1171 1
-3 1
-5 1
+1 1
+2 1
+5 6
+56 2
897 1
1227 2
-55 24
-1 27
+1 47
-1 2
1274 3
+3 2
+2 2
+2 2
+13 3
+1 8
cfi=(17)
cfn=(50)
calls=1 131 
* 7
* 3
+7 1
+3 1
-5 1
+3 1
+2 1
+1 2
+4 2
+2 2
fi=(3)
29 1
+9 2
+6 1
-2 1
+2 2
+7 1
+5 1
+3 1
+2 1
-3 1
-3 1
-3 14
+10 3
-18 9
+8 20
+10 20
-18 60
+18 1
-18 3
+2 48
+5 16
+2 4
+16 3
+38 3
+5 2
+7 2
+1 3
+16 3
+14 3
+18 2
fe=(2)
1317 2
cfi=(6)
cfn=(10)
calls=1 859 
* 25
+3 4
fi=(18) /build/buildd/eglibc-2.19/elf/setup-vdso.h
24 2
fe=(2)
1342 1
cfi=(19)
cfn=(56)
calls=1 45 
* 93
* 8
1176 3
+1 1
+90 2
+1 2
+1 1
-6 2
+1 1
-37 2
-1 2
+1 4
-1 2
+2 4
+1 1
+3 2
+1 2
-1 2
+1 2
+1 2
+1 6
+1 2
-43 1
-2 2
+27 1
-25 1
+7 2
-10 1
+10 1
-19 3
+1 1
fi=(3)
56 4
+3 4
+1 1
+1 3
fe=(2)
2537 4
cfi=(12)
cfn=(26)
calls=1 315 
* 80
* 2
+2 3
1347 2
cfi=(21)
cfn=(60)
calls=1 714 
* 2405
+3 3
cfi=(28)
cfn=(84)
calls=1 50 
* 17
+7 1
-7 1
+2 1
+5 1
+3 3
+1 1
+3 1
-3 3
+1 2
+3 1
+5 1
-7 1
+7 1
+1 5
+4 1
+4 1
-2 4
+1 2
+1 3
+5 2
+1 6
+2 2
+1 2
+5 2
+5 3
906 1
1579 3
+3 2
+4 3
+5 2
+1 1
cfi=(28)
cfn=(86) _dl_debug_state
calls=1 74 
* 1
+5 3
+15 3
+4 3
+31 3
cfi=(23)
cfn=(64)
calls=1 81 
* 9
* 2
+77 4
+17 3
+1 1
-1 1
+1 2
-1 1
+1 5
cfi=(33)
cfn=(120)
calls=1 147 
* 19117
+1 1
+5 1
-5 3
+2 2
+3 4
+1 4
-1 2
+1 16
-1 8
+4 3
+1 3
+1 1
+2 2
+1 5
-1 5
+1 6
-1 9
-28 1
+1 1
-1 7
+4 1
+1 1
-1 1
+2 2
+1 2
+35 1
-1 2
+1 1
+2 1
+2 3
+2 1
-4 2
+5 1
-1 2
+14 2
+1 2
+1 3
+12 1
+1 1
-2 1
+2 1
-2 1
+2 1
-2 1
+2 1
-2 1
+2 1
cfi=(29)
cfn=(138)
calls=1 205 
* 5989
+10 1
+1 1
-1 1
+1 1
+1 1
cfn=(148)
calls=1 724 
* 621
* 1
+2 2
+3 1
cfn=(154) security_init
calls=1 851 
* 22
+2 2
2054 3
+56 1
+4 1
+7 1
-11 1
+4 3
+4 2
+3 1
+8 2
+95 4
+1 1
+5 2
cfi=(36)
cfn=(192)
calls=1 376 
* 275
+4 2
+14 3
+2 2
+29 1
cfi=(7)
cfn=(194)
calls=1 256 
* 1
+4 3
+20 3
cfi=(28)
cfn=(84)
calls=1 50 
* 8
+1 1
+1 1
cfi=(28)
cfn=(86)
calls=1 74 
* 1
+5 1
cfi=(35)
cfn=(196)
calls=1 309 
* 15
+5 8
-65 2
+15 1
+3 1
-3 1
+3 1
-3 2
+3 2
-3 1
+2 1
+1 1
cfi=(39) /build/buildd/eglibc-2.19/elf/dl-reloc.c
cfn=(158) _dl_relocate_object
calls=1 154 
* 6753
+1 4
+2 3
-96 3
+7 1
+2 11
+2 1
+2 15
+5 10
+2 10
+8 5
-2 5
+2 10
+1 32
cfi=(39)
cfn=(158)
calls=4 154 
* 87031
+4 17
-22 14
+25 4
+2 1
+6 1
-6 1
+6 1
-22 1
+1 1
-3 2
+14 2
cfi=(36)
cfn=(190)
calls=1 831 
* 20
* 1
-69 1
899 2
1767 2
+21 3
1623 2
cfi=(9)
cfn=(18)
calls=1 26 
* 91
* 8
cfi=(16)
cfn=(42)
calls=1 61 
* 65
* 1
+3 5
-12 1
+12 1
+3 3
cfi=(15)
cfn=(76)
calls=1 338 
* 765
* 3
cfi=(15)
cfn=(76)
calls=1 338 
* 6
* 6
+1 2
+1 3
+2 4
cfn=(88)
calls=1 804 
* 2547
* 2
1336 3
1635 1
+1 1
-1 3
+1 1
+1 3

fn=(154)
851 2
+2 1
fi=(38) /build/buildd/eglibc-2.19/elf/../sysdeps/unix/sysv/linux/dl-osinfo.h
61 2
+23 2
+2 1
+7 1
fe=(2)
855 1
+6 2
+2 1
fi=(38)
101 2
+11 1
fe=(2)
866 1
+2 1
+6 1
+1 3

fn=(48)
844 8

fl=(37)
fn=(142)
380 6
+4 4
-2 2
+4 35
cfn=(144) _dl_check_map_versions
calls=5 174 
* 5860
-2 5
+2 15
-1 5
-1 10
+5 7

fn=(144)
174 45
+15 5
-15 10
+15 10
+2 5
+3 5
-3 5
+2 5
+1 5
+2 5
-3 5
+3 5
+3 12
+4 18
+17 3
56 3
220 3
56 3
220 3
56 15
220 2
56 2
220 2
56 2
220 2
56 10
+1 16
-1 32
+2 63
cfi=(31)
cfn=(100)
calls=21 288 
* 1467
* 47
228 15
+5 35
+19 7
-15 156
cfn=(146) match_symbol
calls=3 76 
* 445
* 27
cfn=(146)
calls=9 76 
* 1624
* 12
+7 48
+3 41
+9 20
+5 2
+1 2
-79 2
-8 2
+95 15
+3 9
+10 36
-7 144
+3 108
-3 12
+3 9
+8 5
+86 5
-86 5
+87 8
-81 16
cfi=(15)
cfn=(32)
calls=4 102 
* 172
* 4
+1 4
-2 4
+2 4
+11 4
-3 4
+3 8
+2 12
+3 12
+4 15
+18 7
-15 21
+2 21
-2 15
+2 15
+2 12
+1 12
-1 24
+1 12
-1 12
+1 12
+1 12
-2 12
+2 24
+1 36
+3 36
+8 15
+5 2
+1 2
+4 12
+3 12
+20 36
-14 36
-2 36
+2 39
-2 3
+2 3
+4 36
+2 36
-1 72
+1 36
-1 108
+1 36
+1 36
+3 117
+10 4
-1 4
+1 28

fn=(146)
76 132
+9 12
-8 12
-1 24
+1 12
+8 12
+6 36
+15 12
+1 24
+2 12
+5 24
+14 156
+12 198
+4 66
-30 132
+16 12
+3 48
cfi=(17)
cfn=(50)
calls=12 -2 
* 1025
* 24
+35 96

fl=(28)
fn=(84)
50 10
+5 8
+5 2
-1 1
+1 2
+1 2
-1 2
-9 5
+4 10
+4 1
-1 1
-58 5

fn=(86)
74 2

fl=(15)
fn=(32)
102 10
+7 30
-3 10
+3 20
+4 10
cfn=(36)
calls=10 -20 
* 366
* 10

fn=(36)
93 28
+1 56
cfn=(40)
calls=28 -43 
* 887
* 28

fn=(82)
121 2
-2 4
+2 2
+7 4

fn=(76)
338 10
+2 5
+1 10
+4 159
+7 426
-2 286
+4 2
+6 71
-15 215
+18 2
+4 2
-4 1
+4 3
-11 2
+1 1

fn=(40)
51 116
+1 143
+11 28
+1 28
-1 28
+3 28
-3 28
+3 56
-3 1
+1 1
-1 1
+3 1
-3 1
+3 106
+4 12
+1 9
+6 21
cfi=(25)
cfn=(68)
calls=3 +4 
* 18
+2 15
+4 9
+3 3
+1 3
+2 15
-3 26
+1 26
+2 208
-31 3
+1 1
-2 3

fl=(6)
fn=(168) check_match.9458
131 896
+1 256
+2 256
+2 384
-2 256
+12 384
+3 488
cfi=(17)
cfn=(50)
calls=58 -18 
* 5485
* 116
+5 128
-1 128
+1 128
-1 128
+1 128
+2 252
+19 252
+1 1008
+46 896
-18 4
+2 4
+1 6
-1 4
+1 2
-1 4
-29 378
cfi=(17)
cfn=(50)
calls=126 -46 
* 11130
* 252

fn=(10)
859 15
+4 5
+4 10
+2 5
-1 5
+3 15
+1 5
+1 10
+3 5
-1 5
-2 5
+3 5
+4 10
-2 5
+1 5
+1 10
+1 5

fn=(164) _dl_lookup_symbol_x
714 1644
476 137
714 274
476 411
-1 274
+2 137
-1 137
+1 411
-1 411
+1 1696
-1 1696
+1 5088
-1 5362
716 137
+4 137
+4 137
-8 137
+1 274
+7 389
+5 137
+2 274
-2 137
+6 1096
+2 1781
cfn=(166) do_lookup_x
calls=137 82 
* 71453
+3 274
+3 9
-8 36
-7 274
+38 274
+22 128
+1 896
+26 128
+9 640
+14 384
+3 512
+5 128
+2 1096
-9 2
-71 63
+16 9
+1 18

fn=(166)
82 1233
+1 137
-6 137
+5 411
-5 959
+12 137
229 137
+3 274
-3 137
+3 274
98 137
-3 137
+1 137
+2 137
+3 137
-3 137
+3 137
-3 427
-3 427
+1 427
+2 427
+3 427
-3 427
+3 427
+4 1128
+4 1128
+4 1128
+6 1692
+4 1128
+1 1692
225 564
+1 1128
+4 1128
-2 564
+5 2256
+4 1128
-1 1128
+1 564
-1 1128
+21 436
+24 872
461 2463
+1 760
cfi=(31)
cfn=(100)
calls=152 288 
* 7030
* 912
+3 1308
+3 18
286 964
+4 301
+13 128
+1 128
-1 128
+1 128
+1 128
469 1096
240 552
-1 276
+2 276
+2 408
+10 447
-7 1385
+2 256
+1 512
-1 256
+1 128
-1 512
+1 384
cfn=(168)
calls=128 131 
* 23353
+1 640

fl=(24)
fn=(66)
61 38
+4 38
+3 37
+1 37
+2 11
+1 11
+2 11
+1 11
+5 11
+1 11
-1 26
+1 26
+2 15
+1 15
+2 15
+1 15
+5 15
+1 15
-1 22
+1 22
+2 9
+1 9
+2 9
+1 9
+5 9
+1 9
-1 28
+1 28
+2 10
+1 10
+2 10
+1 20
+5 10
+1 10
-1 27
+1 43
+5 16
+1 16
+1 16
+1 16
+2 16
+2 16
+1 16
+2 16
+6 37
+4 37
+12 3
+2 3
+1 3
+26 3
+1 3
+3 3
+1 3
+1 3
+5 3
+2 3
+1 3
+1 3
+1 3
+2 3
+1 3
+1 3
+1 3
+2 3
+1 3
+2 3
+22 3
+2 3
+2 1
+7 1

fl=(17)
fn=(50)
131 593
+1 593
+1 593
+1 276
+1 276
+1 276
+1 276
cfn=(51) strcmp'2
calls=276 -6 
* 18146
+5 317
+1 317
+1 317
+1 317

fn=(51)
131 2534
+1 2534
+1 2534
+1 2462
+1 2462
+1 2462
+1 2462
cfn=(51)
calls=2258 -6 
* 104150
+2 204
+1 204
+2 72
+1 72
+1 72
+1 72

fl=(31)
fn=(100)
288 955
+1 382
cfi=(17)
cfn=(50)
calls=191 131 
* 1344
* 191
+1 191
-1 191
+3 191
+2 382
+4 191
-4 382
+1 597
cfi=(17)
cfn=(50)
calls=199 131 
* 3201
* 398
-5 8
+11 223
-1 183
+1 732

fn=(132)
45 1
+7 1
-7 3
+7 1
-7 1
+1 1
-1 2
+7 1
cfi=(23)
cfn=(104)
calls=1 +29 
* 5
+1 1
-1 1
+1 1
+2 4
cfi=(32)
cfn=(112)
calls=1 -21 
* 10
* 2
+2 1
+3 1
-3 1
+3 1
+13 2
cfi=(23)
cfn=(118)
calls=1 +8 
* 5
+3 7
-14 6
cfi=(25)
cfn=(68)
calls=1 +19 
* 6
* 2

fl=(27)
fn=(72)
24 12
+1 12
+1 12
+1 12
+1 12
+1 12
+1 12
+1 12
+1 12
+1 12
+1 12
+1 12
+1 12
+1 12
+1 12
+1 12
+1 12
+1 8
+4 8
+1 8
+1 8
+1 8
+2 8
+4 4
+1 4
+1 4
+1 4
+1 4
+1 4
+1 4
+1 4
+1 4
+1 4
+1 4
+1 4
+1 4
+1 4
+1 4
+1 4
+1 4
+1 4
+1 4
+1 4
+1 4
+1 4
+1 4
+1 4
+52 4
+4 4
+1 4
+1 4
+1 4
+2 4

fl=(39)
fn=(158)
154 50
+15 5
-15 10
+15 5
+1 20
+6 10
+6 15
-18 10
+22 10
+7 10
-32 5
+77 5
fi=(5)
71 5
fe=(39)
238 10
fi=(5)
71 15
fe=(39)
264 228
-99 20
fi=(5)
276 32
fe=(39)
-12 4
fi=(4)
48 4
fe=(39)
264 4
fi=(4)
58 4
fe=(39)
264 4
fi=(4)
47 8
+11 8
fe=(39)
264 1
-99 5
fi=(5)
276 8
fe=(39)
-12 1
fi=(4)
48 1
fe=(39)
264 1
fi=(4)
58 1
fe=(39)
264 1
fi=(4)
47 2
+11 2
fe=(39)
264 5
fi=(4)
48 5
fe=(39)
264 5
fi=(4)
58 5
fe=(39)
264 5
fi=(4)
47 10
+11 10
+3 16
fi=(5)
503 210
+4 210
+2 315
+1 105
fi=(4)
61 327
+2 330
+2 17
-4 3
+13 8
+1 5
+1 10
fi=(5)
503 5
+24 5
fi=(4)
75 5
fi=(5)
527 5
+2 5
cob=(3)
cfi=(46) /build/buildd/eglibc-2.19/string/../sysdeps/x86_64/multiarch/memmove.c
cfn=(186) memcpy@GLIBC_2.2.5
calls=1 49 
* 13
cob=(3)
cfi=(45) /build/buildd/eglibc-2.19/time/../sysdeps/unix/sysv/linux/x86_64/gettimeofday.c
cfn=(182) gettimeofday
calls=1 31 
* 68
cob=(3)
cfi=(40) /build/buildd/eglibc-2.19/string/../sysdeps/x86_64/multiarch/strcmp.S
cfn=(180) strncasecmp
calls=1 140 
* 6
cob=(3)
cfi=(42) /build/buildd/eglibc-2.19/time/../sysdeps/unix/sysv/linux/x86_64/time.c
cfn=(174) time
calls=1 37 
* 68
cob=(3)
cfi=(40)
cfn=(170) strcasecmp
calls=1 114 
* 100
fi=(4)
75 5
fi=(5)
530 5
fi=(4)
75 7
fe=(39)
264 3
fi=(4)
75 9
fe=(39)
264 27
+3 15
+28 5
+3 10
+17 15
+2 40
fi=(4)
84 6
+2 12
+12 6
-15 6
+15 6
-15 6
+15 6
+10 8
+3 11
fi=(5)
487 3
fi=(4)
112 6
fi=(5)
487 1259
fi=(4)
112 2506
fi=(5)
487 2506
+5 2512
+1 2512
fi=(4)
111 2512
fi=(5)
493 1256
fi=(4)
111 1256
+7 18
+3 5
+3 5
-3 5
+3 5
fi=(5)
422 4
fi=(4)
50 4
fi=(5)
422 4
fi=(4)
51 4
fi=(5)
422 16
fi=(4)
127 432
+9 216
+3 216
fi=(5)
244 108
fi=(4)
138 108
-2 108
+1 432
fi=(5)
244 108
+21 216
+4 216
+7 2055
fi=(4)
137 84
+1 84
fi=(5)
276 168
fi=(4)
137 84
fi=(5)
276 288
fi=(4)
137 9
+1 9
fi=(5)
276 18
fi=(4)
137 9
fi=(5)
276 1236
cfi=(6)
cfn=(164)
calls=93 714 
* 62245
* 465
+2 291
+3 103
-3 206
+3 309
+6 756
fe=(39)
183 10
+81 5
fi=(5)
77 8
+4 12
+14 4
-8 4
+8 8
+13 8
+3 16
410 279
fi=(4)
124 340
+19 8
fi=(5)
276 33
382 36
+4 60
+5 60
-63 3
+2 2
+9 2
-19 4
+1 6
fi=(4)
108 3
fe=(39)
323 10
+1 5
+1 5
-1 5
-1 10
+2 5
+3 10
+1 15
cfi=(25)
cfn=(114)
calls=5 81 
* 25
* 10
fi=(4)
160 8
+2 20
+8 10
+1 5
-1 5
+1 5
fi=(5)
+73 5
fi=(4)
-74 10
fi=(5)
+74 5
+21 10
+4 10
+7 135
cfi=(6)
cfn=(164)
calls=5 714 
* 2739
* 20
+2 15
+3 1
-3 2
+3 3
+6 35
410 15
fi=(4)
160 15
+14 5
fi=(5)
276 105
fe=(39)

fl=(53)
fn=(222)
66 78
+6 78
-6 117
+3 39
-1 39
+1 39
+3 39
+1 39
-1 78
+1 195
+1 39
-1 39
+1 78
+5 78
+4 78
+4 117
+4 76
+1 152
+2 152
+7 117
-1 17
+8 34
+3 153
cfi=(6)
cfn=(164)
calls=17 714 
* 15486
-3 44
+3 198
cfi=(6)
cfn=(164)
calls=22 714 
* 18168
* 39
+4 117
+4 156
+6 234
+16 39
-8 39
+8 117
+4 117
fi=(5)
+65 39
fe=(53)
-61 195
-64 2
+31 88
-13 22
+1 44

fl=(8)
fn=(14)
31 1
-3 1
+3 6
+8 1
-6 2
+7 1

fl=(85) /build/buildd/eglibc-2.19/elf/dl-open.c
fn=(358) _dl_find_dso_for_object
182 5
+1 4
+1 16
+1 2
+3 2
+4 1
-9 9

fl=(23)
fn=(104)
81 56
+1 4
+1 50

fn=(118)
81 16
+1 4

fn=(64)
81 16
+2 20

fn=(106)
81 12
+1 3

ob=(6)
fl=(79) /home/martin/repositories/tddd56/lab1/ppm.c
fn=(564) ppm_write
102 1312500
+1 1125000
cfn=(566) coord_to_ptr
calls=187500 -70 
* 8250000
* 750000
+1 375000

fn=(724) ppm_free
94 4
+1 4
cob=(3)
cfi=(80)
cfn=(382)
calls=1 2917 
* 44
* 1
+1 2
+1 3
cob=(3)
cfi=(80)
cfn=(382)
calls=1 2917 
* 85
* 1
+1 2

fn=(336) ppm_alloc
79 5
+2 2
cob=(3)
cfi=(80)
cfn=(342) malloc
calls=1 2876 
* 59134
cob=(1)
cfi=(52)
cfn=(220)
calls=1 -47 
* 898
* 5
* 1
+1 2
+2 3
+1 3
+1 7
cfn=(374) ppm_align
calls=1 -70 
* 13
* 4
cob=(3)
cfi=(80)
cfn=(342)
calls=1 2876 
* 193
* 1
* 3
+3 1
+1 2

fn=(374)
16 1500008
+1 2250012
+6 375002
+2 750004

fn=(566)
33 2625000
+1 4125000
cfn=(374)
calls=375000 -18 
* 4875000
* 3375000
+1 1500000

fn=(568) ppm_save
42 5
+6 4
cob=(3)
cfi=(120) /build/buildd/eglibc-2.19/libio/iofopen.c
cfn=(574) fopen@@GLIBC_2.2.5
calls=1 +55 
* 1234
cob=(1)
cfi=(52)
cfn=(220)
calls=1 -14 
* 881
* 5
* 1
+3 9
cob=(3)
cfi=(122) /build/buildd/eglibc-2.19/stdio-common/fprintf.c
cfn=(612) fprintf
calls=1 -24 
* 1264
cob=(1)
cfi=(52)
cfn=(220)
calls=1 -17 
* 911
* 5
* 1
+3 2
+2 750
+3 1125000
cfn=(566)
calls=187500 -26 
* 8250000
* 750000
+3 187500
-2 187500
+1 187500
-1 1687500
cob=(3)
cfi=(122)
cfn=(612)
calls=187500 -33 
* 251506364
* 187500
* 187500
+5 375000
+2 28572
+1 114288
cob=(3)
cfi=(123) /build/buildd/eglibc-2.19/libio/fputc.c
cfn=(618) fputc
calls=28572 -34 
* 1173902
cob=(1)
cfi=(52)
cfn=(220)
calls=1 -34 
* 905
* 28576
-12 939000
-2 1879
+20 3
cob=(3)
cfi=(124) /build/buildd/eglibc-2.19/libio/iofclose.c
cfn=(626) fclose@@GLIBC_2.2.5
calls=1 -34 
* 1390
cob=(1)
cfi=(52)
cfn=(220)
calls=1 -40 
* 920
* 5
+1 2

fl=(78)
fn=(376) init_ppm
301 5
+1 5
+2 5
cob=(3)
cfi=(80)
cfn=(382)
calls=1 2917 
* 85
cob=(1)
cfi=(52)
cfn=(220)
calls=1 34 
* 868
* 5
+1 3
+3 11
cfi=(79)
cfn=(374)
calls=1 16 
* 13
* 6
cob=(3)
cfi=(80)
cfn=(342)
calls=1 2876 
* 371
* 1
* 1
+1 5
+1 5
+1 4

fn=(562) is_in_Mandelbrot
72 937500
+2 1500000
+2 375000
+2 87404892
+1 116539856
+1 116539856
+1 87404892
+1 87404892
+2 87404892
-8 204671021
+10 187500
+1 375000

fn=(528) parallel_mandelbrot
157 30
+2 36
cob=(3)
cfi=(111) /build/buildd/eglibc-2.19/stdio-common/printf.c
cfn=(534) printf
calls=6 28 
* 3750
cob=(1)
cfi=(52)
cfn=(220)
calls=1 34 
* 904
* 10
+28 12
cfn=(548) randint
calls=6 -51 
* 1362
* 18
+1 12
cfn=(548)
calls=6 -52 
* 492
* 18
+1 12
cfn=(548)
calls=6 -53 
* 492
* 18
+1 6
+1 6
+1 18
+1 6
+1 18
+2 18
+1 400
+1 400
+2 1100
+1 1300
+1 1100
+1 1300
+3 300
cfn=(560) compute_chunk
calls=100 91 
* 817586840
-10 518
+31 12

fn=(652) destroy_mandelbrot
445 3
+5 1
+1 15
cfn=(478) compute_mandelbrot
calls=1 -35 
* 587
+3 2
+5 36
cob=(4)
cfi=(126)
cfn=(692)
calls=6 43 
* 3887
cob=(1)
cfi=(52)
cfn=(220)
calls=1 34 
* 863
* 10
-5 20
+9 2
cob=(4)
cfi=(129)
cfn=(722)
calls=1 33 
* 12
cob=(1)
cfi=(52)
cfn=(220)
calls=1 34 
* 1028
* 5
+10 3
cob=(3)
cfi=(80)
cfn=(382)
calls=1 2917 
* 132
* 1
+1 3
cfi=(79)
cfn=(724)
calls=1 94 
* 146
+1 2

fn=(334) init_mandelbrot
348 7
+2 3
cfi=(79)
cfn=(336)
calls=1 79 
* 60277
* 2
+1 5
+1 5
+4 3
cfn=(376)
calls=1 -55 
* 1393
+3 3
cfn=(388) update_colors
calls=1 -44 
* 70510
+9 4
cob=(4)
cfi=(91)
cfn=(396)
calls=1 39 
* 16
cob=(1)
cfi=(52)
cfn=(220)
calls=1 34 
* 977
* 5
+3 3
cob=(4)
cfi=(92)
cfn=(402)
calls=1 35 
* 1037
cob=(1)
cfi=(52)
cfn=(220)
calls=1 34 
* 932
* 5
+1 4
cob=(4)
cfi=(94)
cfn=(414)
calls=1 35 
* 7
cob=(1)
cfi=(52)
cfn=(220)
calls=1 34 
* 1082
* 5
+3 1
+8 2
+2 24
+10 78
cob=(4)
cfi=(95)
cfn=(420)
calls=6 +71 
* 9066
cob=(1)
cfi=(52)
cfn=(220)
calls=1 34 
* 887
* 10
-12 20
+17 2
cob=(4)
cfi=(100)
cfn=(470)
calls=1 31 
* 37
* 1
+8 5

fn=(388)
315 5
+6 3
+4 3
cfn=(390) num_colors
calls=1 55 
* 8
* 6
cob=(3)
cfi=(80)
cfn=(342)
calls=1 2876 
* 177
* 1
* 1
+3 1
+1 1
+1 1
+3 1
+1 1
+1 1
+3 2
+2 10260
cfn=(390)
calls=513 55 
* 4104
* 6669
+1 10260
cfn=(390)
calls=513 55 
* 4104
* 6669
+1 10260
cfn=(390)
calls=513 55 
* 4104
* 6669
-4 2052
cfn=(390)
calls=513 55 
* 4104
* 3
cfn=(390)
calls=1 55 
* 8
* 1028
+6 4

fn=(390)
55 404889
+1 404889
+1 269926

fn=(464)
250 24
+2 12
+4 12
cob=(4)
cfi=(100)
cfn=(470)
calls=6 31 
* 138
cob=(1)
cfi=(52)
cfn=(220)
calls=1 34 
* 999
* 10
+3 18
cfn=(472) init_round
calls=6 127 
* 30
+3 12
cob=(4)
cfi=(100)
cfn=(470)
calls=6 31 
* 368
* 6
+3 84
+2 6
+6 30
cfn=(528)
calls=6 157 
* 817600508
+7 12
cob=(4)
cfi=(100)
cfn=(470)
calls=6 31 
* 152
* 6
+3 18
cfn=(472)
calls=6 127 
* 30
+3 12
cob=(4)
cfi=(100)
cfn=(470)
calls=6 31 
* 349
* 6
+3 84
-22 36
+26 12
cob=(4)
cfi=(100)
cfn=(470)
calls=6 31 
* 326
* 6
+2 6
+1 12

fn=(478)
416 4
+1 4
cob=(3)
cfi=(102) /build/buildd/eglibc-2.19/libio/ioputs.c
cfn=(484) puts
calls=2 34 
* 2207
cob=(1)
cfi=(52)
cfn=(220)
calls=1 34 
* 873
* 6
+2 28
+3 4
cob=(4)
cfi=(100)
cfn=(470)
calls=2 31 
* 43
* 2
+3 4
cob=(4)
cfi=(100)
cfn=(470)
calls=2 31 
* 126
* 2
+16 4

fn=(560)
91 500
+6 400
+3 15000
+4 2250000
+1 375000
-1 375000
+2 2250000
+1 375000
-1 375000
+5 1875000
cfn=(562)
calls=187500 -39 
* 790745301
* 187500
+4 1210455
+1 398727
cfn=(390)
calls=132909 -61 
* 1063272
* 797454
-1 1196181
+3 930363
cfi=(79)
cfn=(564)
calls=132909 -16 
* 8373267
* 382137
cfi=(79)
cfn=(564)
calls=54591 -16 
* 3439233
-18 952500
-3 19150
+24 400

fn=(472)
127 36
+3 24

fn=(548)
136 72
+1 72
+4 90
+1 36
+1 90
+6 18
cob=(3)
cfi=(117) /build/buildd/eglibc-2.19/stdlib/rand.c
cfn=(554) rand
calls=18 26 
* 882
cob=(1)
cfi=(52)
cfn=(220)
calls=1 34 
* 866
* 22
* 90
+2 72
+2 36

fl=(77) /home/martin/repositories/tddd56/lab1/mandelbrot_main.c
fn=(332) main
52 5
+3 1
+1 1
+1 2
+1 2
+1 2
+1 2
+1 1
+1 1
+1 1
+1 1
+3 3
cfi=(78)
cfn=(334)
calls=1 348 
* 146418
+14 15
cfi=(78)
cfn=(478)
calls=1 416 
* 2720
+1 4
cfi=(79)
cfn=(568)
calls=1 -40 
* 266925878
+18 16
cfi=(78)
cfn=(652)
calls=1 445 
* 6758
+2 1
+1 2

fl=(71)
fn=(734)
0 5
cfn=(738) 0x0000000000400ae0
calls=1 0 
0 8
0 3

fn=(312) __libc_csu_init
0 16
cob=(2)
cfi=(14)
cfn=(314)
calls=1 0 
0 6
0 7
cfn=(318) 0x0000000000400b70
calls=1 0 
0 15
0 11

fn=(298)
0 11
cob=(3)
cfi=(72) /build/buildd/eglibc-2.19/csu/libc-start.c
cfn=(306) (below main)
calls=1 133 
0 267085069
cob=(1)
cfi=(52)
cfn=(220)
calls=1 34 
0 1055
0 5

fn=(738)
0 8

fn=(318)
0 15

ob=(3)
fl=(125)
fn=(658)
82 21
+1 14
cob=(1)
cfi=(36)
cfn=(664)
calls=7 770 
* 77
cob=(1)
cfi=(52)
cfn=(220)
calls=1 -49 
* 1105
* 11
* 21
+18 28

fl=(90)
fn=(686)
81 24
+1 6

fn=(638)
81 16
+1 4

fn=(386)
81 45
+1 9

fn=(442)
81 24
+1 6

fl=(107) /build/buildd/eglibc-2.19/io/../sysdeps/unix/sysv/linux/wordsize-64/fxstat.c
fn=(498) _fxstat
34 2
-1 2
+1 2
+1 12
+4 2

fl=(93)
fn=(408)
29 52
+2 13

fl=(130) /build/buildd/eglibc-2.19/stdlib/exit.c
fn=(726) exit
104 1
-1 1
+1 2
cfn=(728) __run_exit_handlers
calls=1 -69 
* 3027

fn=(728)
35 8
+5 1
cfi=(125)
cfn=(658)
calls=1 +42 
* 24
* 1
+6 8
+4 6
+3 1
-1 1
+2 5
+33 1
+1 1
-1 1
+1 1
+6 2
+1 5
cfi=(105) /build/buildd/eglibc-2.19/libio/genops.c
cfn=(792) _IO_cleanup
calls=1 1010 
* 257
* 3
+2 2
cfi=(134) /build/buildd/eglibc-2.19/posix/../sysdeps/unix/sysv/linux/_exit.c
cfn=(802) _Exit
calls=1 -69 
* 5
-19 1
+4 2
-2 2
+2 1
cob=(1)
cfi=(131)
cfn=(730)
calls=1 +49 
* 2687
+1 1

fl=(134)
fn=(802)
28 2
+4 1
+2 2

fl=(56)
fn=(244)
42 1
+2 1
-2 1
+5 5
cfi=(57) /build/buildd/eglibc-2.19/nptl/../nptl/sysdeps/unix/sysv/linux/register-atfork.c
cfn=(246) __register_atfork
calls=1 +39 
* 50
* 1
+19 2
+2 1
+1 2
+1 1
-4 3
+2 53
+1 106
+1 53
-4 159
+12 1
-6 1
+6 2

fl=(81) /build/buildd/eglibc-2.19/malloc/hooks.c
fn=(344) malloc_hook_ini
30 2
fi=(82) /build/buildd/eglibc-2.19/malloc/arena.c
373 3
fe=(81)
29 3
cfi=(82)
cfn=(346) ptmalloc_init.part.7
calls=1 371 
* 57920
* 1
+4 1
-1 1
cfi=(80)
cfn=(343) malloc'2
calls=1 2876 
* 1190

fl=(64) /build/buildd/eglibc-2.19/misc/init-misc.c
fn=(268) __init_misc
30 4
+1 5
+2 3
cfi=(65) /build/buildd/eglibc-2.19/string/../sysdeps/x86_64/strrchr.S
cfn=(270) rindex
calls=1 -9 
* 54
+4 5
+1 3
+2 4

fl=(115) /build/buildd/eglibc-2.19/string/../sysdeps/x86_64/memcpy.S
fn=(542) __GI_mempcpy
61 1124735
+4 1124735
+3 1124735
+1 1124735
+2 925541
+1 925541
+2 925541
+1 925541
+5 925541
+1 925541
-1 199194
+1 199194
+2 429371
+1 429371
+2 429371
+1 429371
+5 429371
+1 429371
-1 695364
+1 695364
+2 7
+1 7
+2 7
+1 7
+5 7
+1 7
-1 1124728
+1 1124728
+2 1
+1 1
+2 1
+1 2
+5 1
+1 1
-1 1124734
+1 1124735
+5 1
+1 1
+1 1
+1 1
+2 1
+2 1
+1 1
+2 1
+6 1124735
+4 1124735

fl=(132)
fn=(758)
31 6
+17 2
-17 10
+4 8
+4 12
-4 6
+32 8
+4 12
-4 6
+12 4
+3 2
-2 2
+2 12
-2 2
cfi=(133) /build/buildd/eglibc-2.19/nptl/../nptl/sysdeps/unix/sysv/linux/unregister-atfork.c
cfn=(760) __unregister_atfork
calls=2 -44 
* 38

fl=(65)
fn=(270)
24 1
+1 1
+1 1
+1 1
+1 1
+1 1
+1 1
+1 1
+1 1
+1 1
+1 1
+1 1
+1 1
+1 1
+1 1
+1 1
+1 1
+11 1
+1 1
+1 1
+1 1
+1 1
+1 1
+1 1
+1 1
+1 1
+1 1
+1 1
+1 1
+1 1
+1 1
+1 1
+1 1
+1 1
+1 1
+1 1
+1 1
+1 1
+1 1
+1 1
+1 1
+1 1
+1 1
+1 1
+1 1
+1 1
+1 1
+1 1
+1 1
+1 1
+1 1
+1 1
+1 1
+1 1

fl=(108) /build/buildd/eglibc-2.19/io/../sysdeps/unix/syscall-template.S
fn=(592) open
81 4
cfi=(109) /build/buildd/eglibc-2.19/nptl/../nptl/sysdeps/unix/sysv/linux/x86_64/cancellation.S
cfn=(514) __libc_enable_asynccancel
calls=1 -24 
* 11
* 6
cfi=(109)
cfn=(520) __libc_disable_asynccancel
calls=1 +9 
* 12
* 4
+1 1

fn=(636) __close_nocancel
81 5

fn=(510) write
81 1780
cfi=(109)
cfn=(514)
calls=445 -24 
* 4895
* 2670
cfi=(109)
cfn=(520)
calls=445 +9 
* 5340
* 1780
+1 445

fl=(89) /build/buildd/eglibc-2.19/misc/../sysdeps/unix/sysv/linux/x86_64/brk.c
fn=(372) brk
31 2
-3 2
+3 14
+8 2
-6 4
+7 2

fl=(109)
fn=(520)
90 446
+1 446
+2 446
+1 446
+1 446
+1 446
+2 446
+2 446
+1 446
+1 446
+1 446
+1 446

fn=(514)
57 446
+1 446
+1 446
+1 446
+1 446
+2 446
+2 446
+2 446
+1 446
+1 446
+2 446

fl=(66)
fn=(272)
31 35
+2 7
-2 14
+2 21
+2 35

fl=(112) /build/buildd/eglibc-2.19/stdio-common/vfprintf.c
fn=(536) vfprintf
235 2062577
+35 562521
1295 562522
+4 937535
+11 375014
+11 187507
fi=(136) /build/buildd/eglibc-2.19/stdio-common/printf-parse.h
108 375014
fe=(112)
1321 937535
fi=(136)
108 187507
cfi=(113) /build/buildd/eglibc-2.19/string/../sysdeps/x86_64/strchr.S
cfn=(538) strchrnul
calls=187507 -84 
* 3750140
fe=(112)
1336 187507
fi=(136)
108 187507
fe=(112)
1332 187507
+4 375014
+4 1312549
cfi=(104) /build/buildd/eglibc-2.19/libio/fileops.c
cfn=(488) _IO_file_xsputn@@GLIBC_2.2.5
calls=187507 -59 
* 3563457
* 562521
2098 937535
+3 187507
+1 1500056
1295 375012
+41 750028
+1 3000112
2098 1125042
+1 1687563
cob=(4)
cfi=(114)
cfn=(546)
calls=187507 68 
* 1500056
* 187507
1336 1312549
cob=(4)
cfi=(114)
cfn=(540)
calls=187507 30 
* 2625098
+1 375014
+3 375014
+4 187507
-4 187507
+4 375014
+4 1312549
283 187507
-6 187507
-3 187507
1325 187507
-8 187507
240 187507
1396 4500064
-3 562508
-1 562508
-17 562508
+1 562508
+1 562508
+1 562508
+1 562508
+1 562508
+1 562508
+1 562508
+1 562508
+1 562508
+1 562508
+3 562508
+1 562508
1580 1125016
-21 1687524
1396 5062572
2091 375014
+2 375014
+2 375014
1680 1125016
+8 562508
fi=(136)
108 1125016
fe=(112)
1688 562508
fi=(136)
108 562508
fe=(112)
1688 562508
fi=(136)
108 562508
cfi=(113)
cfn=(538)
calls=562508 -84 
* 11250160
fe=(112)
1692 562508
-4 562508
+4 5062572
cfi=(104)
cfn=(488)
calls=562508 1281 
* 37717740
* 562508
-10 562508
+10 6187588
+2 562508
-2 562508
+2 562508
-16 1125003
-18 27031234
cfi=(104)
cfn=(488)
calls=562508 1281 
* 38668242
* 10687652
cfi=(116) /build/buildd/eglibc-2.19/stdio-common/_itoa.c
cfn=(544) _itoa_word
calls=562508 168 
* 20293904
* 23922028

fl=(102)
fn=(484)
34 8
+2 2
cfi=(103) /build/buildd/eglibc-2.19/string/../sysdeps/x86_64/strlen.S
cfn=(486) strlen
calls=2 +30 
* 68
+1 2
-1 2
+1 38
+3 7
+1 4
cfi=(104)
cfn=(488)
calls=1 1281 
* 1465
* 4
cfi=(104)
cfn=(488)
calls=1 1281 
* 207
* 4
+1 8
+1 8
fi=(110) /build/buildd/eglibc-2.19/libio/libioP.h
904 4
+1 18
fe=(102)
47 10
-8 2
+3 4
cfi=(105)
cfn=(506) __overflow
calls=2 241 
* 336
* 6

fl=(46)
fn=(186)
49 1
-49 12

fl=(55)
fn=(238)
48 2
+1 1

fl=(82)
fn=(346)
371 6
+13 1
-8 1
+8 1
+7 2
+1 2
-1 1
+1 10
cfi=(57)
cfn=(362) __linkin_atfork
calls=1 116 
* 9
+2 5
+16 2
-74 148
+16 74
-18 225
455 2
+6 2
+1 2
+2 1
+1 7
-80 5
cfi=(83) /build/buildd/eglibc-2.19/elf/dl-addr.c
cfn=(348) _dl_addr
calls=1 126 
* 57404
* 2
+1 4
-49 2
+1 2

fl=(116)
fn=(544)
168 2250032
+2 1125016
+9 15793840
+9 1125016

fl=(57)
fn=(362)
116 2
+1 6
+2 1

fn=(246)
86 1
+2 1
-2 5
+2 1
-2 1
+2 4
-44 2
+7 2
+1 3
+19 3
+1 1
+1 1
+22 1
+1 1
+1 1
+1 2
+18 2
+1 6
-13 4
+2 2
+1 3
-1 1
+1 2

fl=(113)
fn=(538)
24 750015
+1 750015
+1 750015
+1 750015
+1 750015
+1 750015
+1 750015
+1 750015
+1 750015
+1 750015
+1 750015
+1 750015
+1 750015
+1 750015
+1 750015
+1 750015
+1 750015
+1 750015
+2 750015
+7 750015

fl=(122)
fn=(612)
27 1312507
+4 187501
+1 187501
-1 937505
+1 187501
cfi=(112)
cfn=(536)
calls=187501 235 
* 248320111
+4 375002

fl=(76) /build/buildd/eglibc-2.19/setjmp/sigjmp.c
fn=(330) __sigjmp_save
29 14
-1 14
+1 14
+5 21

fl=(40)
fn=(170)
114 1
+1 1
+1 1
cfi=(41) /build/buildd/eglibc-2.19/csu/../sysdeps/x86_64/multiarch/init-arch.c
cfn=(172) __init_cpu_features
calls=1 -62 
* 93
+3 1
+1 1
+1 1
+11 1

fn=(180)
140 1
+1 1
+4 1
+1 1
+1 1
+11 1

fl=(120)
fn=(576) __fopen_internal
65 6
+8 1
-8 2
+8 1
cfi=(80)
cfn=(342)
calls=1 2876 
* 180
cob=(1)
cfi=(52)
cfn=(220)
calls=1 -39 
* 670
* 5
+2 1
-2 1
+2 1
+3 1
+3 5
-3 1
+3 1
cfi=(105)
cfn=(582) _IO_no_init
calls=1 643 
* 58
+4 1
+1 1
-1 1
+1 1
cfi=(104)
cfn=(586) _IO_file_init@@GLIBC_2.2.5
calls=1 +57 
* 132
+4 5
cfi=(104)
cfn=(590) _IO_file_fopen@@GLIBC_2.2.5
calls=1 254 
* 144
* 1
+1 1
-1 1
+6 5
-5 1
cfn=(606) __fopen_maybe_mmap
calls=1 -49 
* 4

fn=(574)
103 2
cfn=(576)
calls=1 -38 
* 1232

fn=(606)
42 1
-2 1
+2 1
+15 1

fl=(111)
fn=(534)
28 48
+4 6
-4 6
+5 6
-1 30
+1 18
cfi=(112)
cfn=(536)
calls=6 235 
* 3624
+4 12

fl=(72)
fn=(306)
133 7
+4 1
-4 3
+4 3
+82 1
-82 1
+82 1
+1 4
cfi=(73) /build/buildd/eglibc-2.19/stdlib/cxa_atexit.c
cfn=(308) __cxa_atexit
calls=1 57 
* 60
+22 6
+3 2
+1 5
cob=(6)
cfi=(71)
cfn=(312)
calls=1 0 
* 55
+4 4
+15 2
+9 2
cfi=(74)
cfn=(326)
calls=1 30 
* 29
+1 2
+5 2
+1 2
+3 2
+3 6
cob=(6)
cfi=(77)
cfn=(332)
calls=1 52 
* 267081834
+34 2
cfi=(130)
cfn=(726)
calls=1 104 
* 3031
137 2

fl=(104)
fn=(630) _IO_file_close_it@@GLIBC_2.2.5
158 3
+2 1
-2 1
+2 2
+4 1
+3 1
-3 1
-1 2
+6 1
+3 1
-3 1
cfi=(105)
cfn=(632) _IO_unsave_markers
calls=1 1119 
* 9
+3 2
+4 3
+9 5
cfi=(105)
cfn=(500) _IO_setb
calls=1 399 
* 39
+1 2
+3 1
-3 1
+1 3
+2 1
cfi=(105)
cfn=(628) _IO_un_link
calls=1 60 
* 10
+5 2
-4 1
+1 1
+1 1
+2 1
+1 4
-23 3
cfn=(634) _IO_file_close
calls=1 1245 
* 7
* 2
-7 7
cfn=(502) _IO_do_write@@GLIBC_2.2.5
calls=1 509 
* 124
* 2

fn=(642) _IO_file_finish@@GLIBC_2.2.5
202 1
+1 1
-1 1
+1 1
+6 2
+1 1
-1 1
cfi=(105)
cfn=(644) _IO_default_finish
calls=1 686 
* 24

fn=(800) _IO_file_sync@@GLIBC_2.2.5
886 1
+5 1
-5 1
+5 3
+2 1
+1 2
+17 2
+4 2

fn=(490) _IO_file_overflow@@GLIBC_2.2.5
824 1884
+1 1413
+7 3289
+35 942
+3 82
+3 123
+1 123
+1 136
+4 41
+1 164
-45 4
+12 4
+9 8
+8 2
-4 2
+3 4
-2 4
-3 2
+1 4
+5 2
-1 2
+1 6
+1 2
+12 4
-1 2
+1 2
-1 2
cfn=(502)
calls=2 509 
* 244
* 4
-5 98
-3 430
+1 430
+11 1290
-12 430
cfn=(502)
calls=430 509 
* 53102
-31 4
cfi=(105)
cfn=(492) _IO_doallocbuf
calls=2 414 
* 213
+1 12
+33 42
cfn=(502)
calls=14 509 
* 1736
* 42

fn=(496) _IO_file_stat
1222 2
+1 6
cfi=(107)
cfn=(498)
calls=2 34 
* 20

fn=(586)
143 1
+4 1
-4 3
+5 1
-1 1
+3 1
cfi=(105)
cfn=(588) _IO_link_in
calls=1 -51 
* 119
+1 1
+1 4

fn=(508) _IO_file_write@@GLIBC_2.2.5
1254 3115
+2 2225
+11 445
+1 445
-12 890
+5 445
-1 1335
+1 890
cfi=(108)
cfn=(510)
calls=445 81 
* 16910
+1 890
+9 1335
+3 4005

fn=(488)
1281 1312525
+7 1312525
-7 9187675
+6 2625050
+7 6750114
+17 4500024
+1 2249444
+3 4498901
+5 4498940
cfi=(115)
cfn=(542)
calls=1124735 61 
* 21165980
* 1124735
+6 1124735
-1 1124735
+1 2249470
+2 3374205
+27 2250038
+1 10500200
-45 568
+17 852
+4 1720
cfn=(490)
calls=430 824 
* 62829
* 860
+6 860
+1 2580
+2 1290
+11 860
+1 1720
cfi=(105)
cfn=(504) _IO_default_xsputn
calls=430 447 
* 26321
* 860
-57 39
+1 26
+3 39
+2 219
-2 172

fn=(502)
509 447
+2 447
-2 2235
+2 894
+1 12
+11 1780
+7 1780
+8 2225
cfn=(508)
calls=445 1254 
* 32930
* 445
+1 1335
+6 445
-4 445
+4 445
-4 1335
+1 890
+3 888
-34 886
+32 443
-32 443
+1 1772
-1 443
+1 886
-1 4
+32 2
-32 2
+1 8
-1 2
+1 4
+32 1333

fn=(796) _IO_file_setbuf@@GLIBC_2.2.5
461 2
+1 1
cfi=(105)
cfn=(798) _IO_default_setbuf
calls=1 +95 
* 51
* 2
+4 2
-1 2
+2 3
+2 1
+1 2

fn=(634)
1245 2
cfi=(108)
cfn=(636)
calls=1 81 
* 5

fn=(590)
254 9
+11 2
+2 7
+9 1
-2 1
+1 3
-20 1
+37 12
+41 1
224 1
+1 2
-1 1
+4 1
cfi=(108)
cfn=(592)
calls=1 81 
* 38
* 1
+4 2
+3 1
-1 1
+1 2
+1 2
-1 1
+1 1
+7 2
cfi=(105)
cfn=(588)
calls=1 99 
* 11
353 3
cfi=(121) /build/buildd/eglibc-2.19/string/../string/strstr.c
cfn=(604) __GI_strstr
calls=1 53 
* 25
+1 1
-1 1
+1 1
+77 1
-77 1
+77 7

fl=(119) /build/buildd/eglibc-2.19/stdlib/random_r.c
fn=(558) random_r
366 72
+5 18
-2 18
+2 36
+9 18
+1 18
+1 18
+3 36
+3 18
-3 18
+2 18
+2 18
-2 18
+2 18
+7 18
+4 18
-3 36
+6 18
-2 36

fl=(74)
fn=(326)
30 7
+2 7
cfi=(75) /build/buildd/eglibc-2.19/setjmp/../sysdeps/x86_64/setjmp.S
cfn=(328) __sigsetjmp
calls=7 -6 
* 189

fl=(124)
fn=(626)
40 3
+14 1
-14 1
+14 3
+3 19
+4 3
-3 2
fi=(110)
904 2
+1 3
fe=(124)
63 4
cfi=(104)
cfn=(642)
calls=1 202 
* 32
+1 3
+18 6
+2 1
+1 2
cfi=(80)
cfn=(382)
calls=1 2917 
* 260
cob=(1)
cfi=(52)
cfn=(220)
calls=1 -51 
* 654
* 5
+4 5
-10 2
-20 2
cfi=(104)
cfn=(630)
calls=1 +99 
* 246
* 3
-4 1
cfi=(105)
cfn=(628)
calls=1 +5 
* 117
* 3
fi=(110)
905 7
fe=(124)

fl=(44) /build/buildd/eglibc-2.19/elf/../sysdeps/unix/sysv/linux/dl-vdso.c
fn=(178) _dl_vdso_vsym
27 4
-1 4
+1 4
+4 8
-3 8

fl=(83)
fn=(348)
126 9
+5 1
-5 2
+5 2
cob=(4)
cfi=(84)
cfn=(350)
calls=1 -68 
* 34
+2 2
cob=(1)
cfi=(85)
cfn=(358)
calls=1 +49 
* 39
cob=(1)
cfi=(52)
cfn=(220)
calls=1 -99 
* 1254
* 5
+2 2
30 1
+1 1
-1 1
+1 1
+3 2
+5 1
+6 1
-7 1
+2 2
+2 1
-2 1
+2 1
+3 1
+5 7
+2 1
+1 2
-1 1010
+1 2020
+2 4927
+6 11060
+2 8848
+1 16231
+7 2212
-2 2212
+2 5435
-21 2022
+49 3
+1 1
+1 3
+3 2
+37 3
cob=(4)
cfi=(86)
cfn=(360)
calls=1 41 
* 27
+3 9
-28 1
+1 1
+21 2

fl=(41)
fn=(172)
54 1
-9 1
+9 1
+3 1
-3 1
+3 5
+95 2
+1 7
+7 3
+4 2
+2 3
+18 2
+5 1
+1 1
+2 1
+1 2
-9 4
+1 5
+1 2
-16 2
+1 1
+2 2
+3 2
31 2
+6 1
-6 1
+7 1
-1 1
+28 1
-27 1
+27 1
-28 1
+2 1
-1 1
+1 1
+26 1
+1 1
-35 4
+35 1
+5 1
-12 1
+12 1
+3 12
+27 1
-42 1
+42 1
+22 1
-64 1
+68 1

fl=(61)
fn=(262)
52 8
+6 3
+14 1
fi=(62) /build/buildd/eglibc-2.19/csu/../sysdeps/generic/dl-hash.h
-28 1
fe=(61)
+26 1
+1 1
fi=(63) /build/buildd/eglibc-2.19/csu/../sysdeps/unix/sysv/linux/x86_64/init-first.c
-33 1
fi=(62)
+7 1
fi=(63)
-7 1
fe=(61)
+34 1
fi=(63)
-34 2
fi=(62)
+5 1
+5 3
+1 2
+13 2
-17 3
+3 9
+1 6
+13 6
-17 9
+22 1
fi=(63)
-29 2
+2 2
-2 1
+2 2
cfi=(44)
cfn=(178)
calls=1 -13 
* 7
+1 2
+5 2
-3 2
+1 1
+2 1
cfi=(44)
cfn=(178)
calls=1 -19 
* 7
fe=(61)
+40 1
fi=(63)
-36 1
fe=(61)
+36 2
fi=(63)
-36 2
+1 2
+1 1
fe=(61)
+34 1
cfi=(64)
cfn=(268)
calls=1 -56 
* 78
+8 1
cfi=(66)
cfn=(272)
calls=1 -63 
* 16
+5 6
-34 1
-7 1
+7 4
fi=(63)
-23 2
fe=(61)

fl=(121)
fn=(604)
53 8
+10 3
+2 2
+1 1
+23 8
-26 1
-5 2

fl=(73)
fn=(308)
57 6
-22 2
cfn=(310) __new_exitfn
calls=1 +38 
* 38
+2 2
+4 1
+3 1
+1 1
-4 2
+2 1
+4 1
+1 1
+11 4

fn=(310)
73 1
+6 2
-6 3
+6 4
+2 4
-7 2
+9 3
-2 1
+10 1
-10 3
+45 1
+1 1
+3 4
+3 5
-21 1
+1 2

fl=(118) /build/buildd/eglibc-2.19/stdlib/random.c
fn=(556) random
293 18
+3 126
+2 54
cfi=(119)
cfn=(558)
calls=18 +68 
* 468
+2 90
+2 18
+1 36

fl=(133)
fn=(760)
36 2
-8 4
+11 4
+1 12
+5 2
-6 4
+6 2
-6 4
+82 4

fl=(67)
fn=(276) handle_intel
306 4
-1 4
+17 2
-17 12
+14 2
+1 4
-3 6
+23 10
cfn=(278) intel_check_word
calls=2 162 
* 636
+1 4
+3 10
cfn=(278)
calls=2 162 
* 167
+1 4
-17 4
+5 2
-5 4
+5 2
+2 2
+1 2
-1 4
+27 16

fn=(274)
550 1
+13 1
-13 1
+13 1
-13 1
+13 1
+7 2
+2 3
cfn=(276)
calls=1 306 
* 431
+4 2
-4 1
+4 1
cfn=(276)
calls=1 306 
* 470
+2 1
-2 1
-1 1
+3 1
+29 1
-18 1
+18 3
+7 2
+9 20
-9 12
+6 6
-6 3
+6 2
+49 4
+75 2
+2 1
+1 1
+2 1
-3 1
+5 1
-5 1
+4 3
+4 2
+2 1
+1 1
+2 1
-3 1
+5 1
+2 1
-7 1
+4 2
+3 1
-3 1
+3 2
-93 5
-45 2
+6 5
+7 2
+4 4
+2 4
-6 4
+4 1
-2 1
+2 1
-4 3
+4 1
-2 1
+2 1
+15 2
-8 1
+2 2
+1 1
-1 2
+1 1
+1 1

fn=(278)
162 8
+6 4
-7 8
+7 8
-7 4
+7 8
-7 4
+7 4
+2 4
-2 4
+2 12
+2 4
+2 8
-2 6
+2 12
+8 20
+53 16
fi=(68) /build/buildd/eglibc-2.19/string/../bits/stdlib-bsearch.h
27 8
+1 16
+3 16
+1 8
fe=(67)
150 16
fi=(68)
31 12
+1 6
fe=(67)
150 12
+3 54
fi=(68)
29 46
+2 46
-2 46
+2 80
+1 40
fe=(67)
150 80
295 8
170 16
-6 2
300 16
fi=(68)
37 8
-8 18
fe=(67)
194 10
+5 10
-5 14
+34 3
-34 15
+5 6
+4 8
+7 8
+3 2
+2 4
-10 2
-2 2
+2 3
+12 2
+2 2
+1 2
-3 2
+2 2
-1 2
-1 2
+2 2
-1 6
+1 2
-2 4

fl=(123)
fn=(618)
34 28572
+3 28572
-3 57144
+3 457152
+1 199948
fi=(110)
904 57144
+1 257148
fe=(123)
41 85716
-3 42
cfi=(105)
cfn=(506)
calls=14 241 
* 2436
* 28

fl=(42)
fn=(174)
37 1
-1 1
fi=(43) /build/buildd/eglibc-2.19/time/../sysdeps/generic/dl-hash.h
+8 1
fe=(42)
-7 2
fi=(43)
+8 1
fe=(42)
-8 1
fi=(43)
+6 1
+5 3
+1 2
+13 2
-17 3
+3 9
+1 6
+13 6
-17 9
+22 1
fe=(42)
-30 2
+3 2
-3 1
+3 1
cfi=(44)
cfn=(178)
calls=1 -13 
* 7
* 3
+1 3

fl=(45)
fn=(182)
31 1
-1 1
fi=(43)
+14 1
fe=(45)
-13 2
fi=(43)
+14 1
fe=(45)
-14 1
fi=(43)
+12 1
+5 3
+1 2
+13 2
-17 3
+3 9
+1 6
+13 6
-17 9
+22 1
fe=(45)
-36 2
+3 2
-3 1
+3 1
cfi=(44)
cfn=(178)
calls=1 -7 
* 7
+1 3
+1 3

fl=(87) /build/buildd/eglibc-2.19/malloc/morecore.c
fn=(368) __default_morecore
46 5
+1 5
cfi=(88) /build/buildd/eglibc-2.19/misc/sbrk.c
cfn=(370) sbrk
calls=5 -13 
* 126
+2 15
+3 15

fl=(88)
fn=(370)
34 5
+8 5
-8 15
+8 27
+4 10
+4 4
+3 1
cfi=(89)
cfn=(372)
calls=1 -22 
* 13
* 2
+4 25
-14 2
cfi=(89)
cfn=(372)
calls=1 -12 
* 13
* 4

fl=(69)
fn=(282)
33 3
+1 1

fl=(80)
fn=(364) _int_malloc
3302 77
+30 11
-30 11
+30 99
+8 22
+2 3
+1 1
+1 1
-1 2
+5 2
+29 22
+2 18
+1 18
+2 27
+2 2
3806 99
3421 12
+1 4
+1 6
cfn=(366) malloc_consolidate
calls=2 4104 
* 931
* 2
3790 2
4992 4
3790 6
+2 50
4990 2
+2 2
-2 6
3442 4
3790 9
4992 18
3790 27
+2 225
4990 9
+2 9
-2 27
3442 51
3576 22
+73 11
+1 11
+1 11
-1 11
+1 11
+1 22
+1 22
+5 66
+4 33
+3 40
-3 30
+3 36
-3 27
+3 32
-3 16
3765 11
+3 11
-2 33
+2 22
+17 4
3578 4
+3 6
3421 17
5000 2
2271 8
+11 2
-11 2
+11 5
+15 5
+6 2
+66 1
-9 1
+9 1
+9 3
2700 2
+1 1
+5 2
+3 2
+5 1
-3 1
+3 1
-2 1
+5 1
-3 3
+1 1
-1 1
-1 1
+1 2
+1 1
3801 4
1862 6
2272 2
3773 9
-3 9
+1 9
+2 9
-1 9
+1 18
+2 9
-2 27
1862 9
3773 9
+2 9
+3 9
1862 18
2433 1
+19 2
-19 1
+9 1
+10 2
-10 1
+10 1
-10 3
+10 3
+8 1
-8 1
+8 1
+2 4
cfi=(87)
cfn=(368)
calls=1 46 
* 62
* 2
+4 5
+3 2
+1 2
+19 1
+27 2
+1 1
+1 2
+6 1
-6 1
+6 1
+3 6
+42 3
+19 1
+3 2
+1 6
+2 1
-2 1
+2 1
+1 4
cfi=(87)
cfn=(368)
calls=1 46 
* 26
+12 3
+8 2
+1 3
+39 1
+1 1
-2 1
+1 3
+12 1
-12 1
+1 1
+11 1
2527 2
+42 3
2369 2
-64 8
cfi=(90)
cfn=(386)
calls=1 81 
* 6
+2 3
+15 3
+15 3
+5 3
+1 5
+3 3
+1 5

fn=(434)
3161 6
+13 18
-13 6
+10 12
-10 18
+13 12
+10 12
+1 12
+12 66
+7 6
+8 6
-7 12
+7 12
+7 18
cfn=(364)
calls=6 +83 
* 858
+3 6
-3 6
+3 54
+16 30
+4 18
+11 6
-3 6
+3 12
-14 6
+14 12
+11 6
+1 12
+1 12
+2 12
-15 18
+16 12
+25 30
-25 6
cfi=(97) /build/buildd/eglibc-2.19/string/../sysdeps/x86_64/memset.S
cfn=(436) memset
calls=6 53 
* 264

fn=(650) systrim.isra.1
2736 9
+10 2
+1 3
+2 1
+1 2
+1 1
+46 8
-37 4
cfi=(87)
cfn=(368)
calls=1 46 
* 26
* 1
+1 4
-7 2
+19 1
-19 4
+19 2
cfi=(87)
cfn=(368)
calls=1 46 
* 26
+2 1
+1 1
-1 1
+1 2
+2 4
cfi=(87)
cfn=(368)
calls=1 46 
* 26
+4 2
+4 3

fn=(384) _int_free
3814 48
+13 6
-13 6
+13 12
+6 24
+1 12
+11 24
+13 18
+11 8
+1 6
1869 2
3894 2
1869 4
3896 5
+1 2
+1 1
+3 1
-3 1
+9 2
-11 1
+1 2
+1 1
+3 1
-3 1
+9 4
-5 8
+14 4
+2 2
+2 12
+2 4
4087 16
3933 8
+1 12
+18 4
-4 4
+4 8
+6 8
+8 12
+6 8
+1 8
+1 8
1869 12
3983 8
+1 1
+2 1
-1 1
+2 10
+3 8
+5 6
+1 10
+1 1
+11 1
-1 1
+2 2
-1 2
-1 2
+2 4
+7 3
-2 3
+1 3
+1 3
+2 1
+1 1
+2 1
+1 1
+2 3
+1 1
+30 2
-34 2
+1 2
+2 6
+1 2
+30 6
+1 2
+3 3
3943 32
+2 8
4075 12
+1 12
+1 20
+10 32
-88 4
+37 1
+1 3
+1 2
+23 5
+2 4
cfn=(650)
calls=1 2736 
* 136
* 1
3960 12
-2 8

fn=(366)
4104 16
+22 4
+1 3
4990 1
+2 2
4129 1
+10 1
+1 1
4990 4
4142 2
+1 2
-1 18
+1 27
+6 1
-3 1
+3 2
+1 1
+1 2
+2 2
+7 2
+25 1
+1 1
+4 1
-4 1
+1 1
+3 2
+3 40
+6 8
4996 1
4126 3
1785 1
+3 3
-3 128
+3 378
-3 252
+7 3
+5 1
+2 1
-2 1
4199 8
1796 3

fn=(342)
2876 20
+5 10
+1 10
+3 8
+2 33
+4 12
cfn=(364)
calls=4 3302 
* 760
+1 4
-1 4
+1 4
+11 17
+1 27
+3 20
-24 1
+24 3
-24 1
cfi=(81)
cfn=(344)
calls=1 30 
* 59121

fn=(343)
2876 4
+5 2
+1 2
+3 2
+2 8
+4 3
cfn=(364)
calls=1 3302 
* 1149
+1 1
-1 1
+1 1
+11 4
+1 8
+3 5

fn=(382)
2917 82
+1 82
+6 82
+5 7
-2 7
+2 14
+16 18
+1 12
cfn=(384)
calls=6 3814 
* 727
-14 3
+1 2
+1 2
+2 1
+1 1
-1 1
+1 2
2807 2
+1 1
+6 1
-7 1
+7 6
+7 1
+1 3
+5 2
cfi=(90)
cfn=(638)
calls=1 81 
* 5
* 34

fl=(97)
fn=(436)
53 6
+1 6
+1 6
+1 6
+1 6
+2 6
+1 6
+17 6
+1 6
+1 6
+1 6
+1 6
+1 6
+1 6
+1 6
+1 6
+1 6
+1 6
+1 6
+1 6
+1 12
+3 6
+1 6
+1 6
+1 6
+1 6
+1 6
+1 6
-6 12
+1 12
+1 12
+1 12
+1 12
+1 12
+1 12
+1 6

fl=(103)
fn=(486)
66 2
+1 2
+1 2
+1 2
+1 2
+1 2
+1 2
+2 2
+2 2
+30 2
+1 2
+1 2
+1 2
+1 2
+6 2
+1 2
+1 2
+1 2
+1 2
+1 2
+1 2
+1 2
+1 2
+1 2
+1 2
+1 2
+5 16

fl=(105)
fn=(588)
99 8
+1 6
+4 1
-2 2
+2 2
+1 11
+2 1
-2 1
+1 1
+1 1
-2 1
+2 1
-2 1
+2 15
+2 1
-2 1
+4 1
+2 1
-3 1
-1 1
+4 7
+2 1
-1 1
+1 9
+1 2
+3 4
-3 6
cob=(4)
cfi=(114)
cfn=(546)
calls=1 -48 
* 8
+3 4
-15 7
cob=(4)
cfi=(114)
cfn=(540)
calls=1 -74 
* 14
* 1
+9 8

fn=(584) _IO_old_init
626 1
-16 1
+1 1
+15 1
+5 1
-21 1
+2 1
+1 1
+1 1
+17 1
-16 1
+1 1
+1 1
+1 1
+1 1
+1 1
+2 1
+1 1
+1 1
+1 1
+6 1
+1 4

fn=(492)
414 6
+1 2
-1 2
+1 2
+6 8
-4 6
+1 6
cfi=(106) /build/buildd/eglibc-2.19/libio/filedoalloc.c
cfn=(494) _IO_file_doallocate
calls=2 96 
* 177
* 4

fn=(582)
643 9
+1 1
cfn=(584)
calls=1 -18 
* 25
+3 1
-2 1
+2 1
+2 1
+1 1
+1 1
+1 1
+1 1
+1 1
+1 1
+1 1
+1 1
+1 1
+1 1
+1 1
+2 1
+7 1
+1 6

fn=(628)
60 12
+1 6
+4 3
+1 11
+2 1
-2 1
+1 1
+1 20
+2 3
+2 2
+13 1
+2 1
-2 1
+2 4
+2 1
-1 1
+1 7
+1 2
+3 8
-3 6
cob=(4)
cfi=(114)
cfn=(546)
calls=1 -22 
* 8
+3 4
-28 7
cob=(4)
cfi=(114)
cfn=(540)
calls=1 -35 
* 14
* 1
+22 7
-13 1
+1 1
-1 2

fn=(506)
241 48
+2 48
cfi=(104)
cfn=(490)
calls=16 824 
* 2676

fn=(644)
686 2
+2 3
+6 3
+3 3
+6 1
+6 1
-6 1
cfn=(628)
calls=1 60 
* 10

fn=(792)
1010 1
+3 1
-3 2
-48 1
+48 2
+3 1
cfn=(794) _IO_flush_all_lockp
calls=1 822 
* 88
-63 1
+63 1
-63 3
+2 9
+2 2
-1 4
+3 4
+6 17
+8 5
+10 5
cfi=(104)
cfn=(796)
calls=1 461 
* 66
+3 2
+7 3
-40 9
+75 7
-53 1
+4 1
-4 1
+2 1
+1 1
+1 1
-2 1
+3 4
+6 3
+1 9

fn=(504)
447 430
+4 430
-1 430
-3 2150
+3 2150
+20 5148
+5 1287
+3 429
+2 1035
cfi=(104)
cfn=(490)
calls=25 824 
* 825
* 50
+2 25
-2 25
-25 1820
+2 1287
+3 858
+24 860
+1 2580
-11 858
+1 1287
-1 858
+1 642
-1 857

fn=(500)
399 15
+1 14
+3 3
+2 12
-3 3
+3 6
+3 12
-7 7
cfi=(90)
cfn=(638)
calls=1 81 
* 5
* 4

fn=(794)
822 3
+6 1
-6 5
+6 2
+6 1
-11 1
+10 1
+2 2
+4 2
-1 3
-1 3
+1 3
+3 9
+10 6
+4 3
-2 3
+2 6
+7 3
-27 6
+31 2
+2 2
+4 9
-31 12

fn=(798)
557 5
+1 1
-1 1
+1 1
cfi=(104)
cfn=(800)
calls=1 886 
* 13
* 2
+9 1
-7 1
+7 1
-7 1
400 1
562 1
+1 1
-1 1
+1 1
400 4
+7 1
-5 1
+1 1
+4 1
570 2
+2 1
-2 1
+1 3
+2 4

fn=(632)
1119 1
+2 1
-2 1
+2 1
+19 3
+2 2

fl=(117)
fn=(554)
26 18
+1 18
cfi=(118)
cfn=(556)
calls=18 293 
* 810
+1 36

fl=(75)
fn=(328)
26 7
+9 7
+1 14
+1 7
+4 7
+1 7
+1 7
+1 7
+1 7
+2 14
+2 7
+1 7
+3 14
+2 7
+9 7
cfi=(76)
cfn=(330)
calls=7 -35 
* 63

fl=(106)
fn=(494)
96 10
+15 12
cfi=(104)
cfn=(496)
calls=2 1222 
* 28
* 4
+2 8
+11 9
+4 12
cfi=(90)
cfn=(386)
calls=2 -47 
* 12
* 4
+1 10
cfi=(105)
cfn=(500)
calls=2 399 
* 42
+1 2
+1 10
-13 1
fi=(137) /build/buildd/eglibc-2.19/libio/../sysdeps/unix/sysv/linux/sys/sysmacros.h
-77 6
fe=(106)
+77 1
-2 2
+8 1
-3 1
+3 2

fl=(99)
fn=(452)
55 6
+1 6
+1 6
+1 6
+1 6
+3 6
+1 6
+4 6
+3 6
+1 6
+1 6
+1 6
+1 6
+5 6
+2 12
+1 12
+1 12
+2 6
+8 6
+3 6
+1 6
+12 6
+1 6
+1 6
cob=(4)
cfi=(95)
cfn=(454)
calls=6 233 
* 817611093

ob=(5)
fl=(70)
fn=(746)
0 8
cob=(3)
cfi=(132)
cfn=(758)
calls=1 31 
0 65
cob=(1)
cfi=(52)
cfn=(220)
calls=1 34 
0 737
0 5
0 1
cfn=(764) 0x00000000000005c0
calls=1 0 
0 9
0 3

fn=(288)
0 16

fn=(764)
0 9

ob=(3)
fl=(54)
fn=(232)
81 4
+1 1

totals: 1084833747
