version: 1
creator: callgrind-3.10.1
pid: 18413
cmd:  ./lapsolvomp
part: 1


desc: I1 cache: 
desc: D1 cache: 
desc: LL cache: 

desc: Timerange: Basic block 0 - 3961867967
desc: Trigger: Program termination

positions: line
events: Ir
summary: 24620284354


ob=(3) /lib/x86_64-linux-gnu/libc-2.19.so
fl=(79) /build/eglibc-3GlaMS/eglibc-2.19/posix/../posix/sched_cpucount.c
fn=(380) popcount_cpucount
27 1
-2 1
+2 1
+2 3
+2 1
+3 3
-5 2
+2 15
+3 45
-5 31

fl=(112) /build/eglibc-3GlaMS/eglibc-2.19/string/../sysdeps/x86_64/multiarch/memcpy.S
fn=(848) memcpy@@GLIBC_2.14
32 1
+1 1
+2 1
+1 1
+1 1
+1 1
+1 1

fl=(93) /build/eglibc-3GlaMS/eglibc-2.19/setjmp/../sysdeps/x86_64/setjmp.S
fn=(552) __sigsetjmp
26 4
+9 4
+1 8
+1 4
+4 4
+1 4
+1 4
+1 4
+1 4
+2 8
+2 4
+1 4
+3 8
+2 4
+9 4
cfi=(94) /build/eglibc-3GlaMS/eglibc-2.19/setjmp/sigjmp.c
cfn=(554) __sigjmp_save
calls=4 -35 
* 36

fl=(67) /build/eglibc-3GlaMS/eglibc-2.19/string/../sysdeps/x86_64/multiarch/../cacheinfo.c
fn=(276) handle_intel
306 4
-1 4
+17 2
-17 12
+14 2
+1 4
-3 6
+23 10
cfn=(278) intel_check_word
calls=2 162 
* 636
+1 4
+3 10
cfn=(278)
calls=2 162 
* 167
+1 4
-17 4
+5 2
-5 4
+5 2

ob=(1) /lib/x86_64-linux-gnu/ld-2.19.so
fl=(9) /build/eglibc-3GlaMS/eglibc-2.19/string/../sysdeps/x86_64/multiarch/../rtld-strlen.S
fn=(18) strlen
26 21
+1 21
+1 21
+1 21
+2 12
+1 12
+2 12
+1 12
-1 43
+1 43
+1 54
+1 54
+1 54
+2 40
+5 20
+1 20
+1 20
+1 20
+3 20
-6 7
+1 7
+1 7
+1 7
+3 7
+1 24
+1 24
+1 24
+2 24
+3 19
+1 19
+1 19
+1 19
+3 19
+1 14
+1 14
+1 14
+2 14

ob=(3)
fl=(67)
fn=(276)
335 2
+1 2
-1 4
+27 16

fn=(274) init_cacheinfo
550 1
+13 1
-13 1
+13 1
-13 1
+13 1
+7 2
+2 3
cfn=(276)
calls=1 306 
* 431
+4 2
-4 1
+4 1
cfn=(276)
calls=1 306 
* 470
+2 1
-2 1
-1 1
+3 1
+29 1
-18 1
+18 3
+7 2
+9 20
-9 12
+6 6
-6 3
+6 2
+49 4
+75 2
+2 1
+1 1
+2 1
-3 1
+5 1
-5 1
+4 3
+4 2

ob=(1)
fl=(9)
fn=(18)
73 10
+1 10
+1 10
+1 10
+3 10
+1 10
+1 10
+1 10
+2 10
+3 10
+1 10
+1 10
+1 10
+3 10
+1 8
+1 8
+1 8
+2 9
+3 1
+2 1
+1 1
-3 19
+2 19
+1 19
+1 19
+2 19
+1 19
+1 18
+2 18
+1 18
+1 18
+2 18
+1 18
+1 15
+2 15
+2 15
+1 15
+1 15
+2 15
+1 15
+1 8
+2 8
+1 8
+1 5
+2 5
+1 5
-1 16
+1 16

fl=(53) /build/eglibc-3GlaMS/eglibc-2.19/elf/../elf/dl-runtime.c
fn=(222) _dl_fixup
66 76
+6 76
-6 114
+3 38
-1 38
+1 38
+3 38
+1 38
-1 76
+1 190
+1 38
-1 38
+1 76
+5 76
+4 76
+4 114
+4 76
+1 152
+2 152
+7 114
-1 30
+8 60
+3 270
cfi=(6) /build/eglibc-3GlaMS/eglibc-2.19/elf/dl-lookup.c
cfn=(164) _dl_lookup_symbol_x
calls=30 714 
* 29660
-3 16
+3 72
cfi=(6)
cfn=(164)
calls=8 714 
* 6739
* 38
+4 114
+4 152
+6 228
+16 38
-8 38
+8 114
+4 114
fi=(5) /build/eglibc-3GlaMS/eglibc-2.19/elf/../sysdeps/x86_64/dl-machine.h
+65 38
fe=(53)
-61 190
-33 32
-13 8
+1 16
fi=(77) /build/eglibc-3GlaMS/eglibc-2.19/elf/../sysdeps/x86_64/dl-irel.h
-72 2
cob=(3)
cfi=(112)
cfn=(848)
calls=1 * 
* 7
cob=(3)
cfi=(78) /build/eglibc-3GlaMS/eglibc-2.19/posix/../sysdeps/x86_64/multiarch/sched_cpucount.c
cfn=(376) __sched_cpucount
calls=1 +3 
* 10
* 4
fe=(53)

fl=(15) /build/eglibc-3GlaMS/eglibc-2.19/elf/dl-minimal.c
fn=(32) calloc
102 12
+7 36
-3 12
+3 24
+4 12
cfn=(36) malloc
calls=12 -20 
* 455
* 12

fn=(36)
93 31
+1 62
cfn=(40) __libc_memalign
calls=31 -43 
* 998
* 31

fn=(40)
51 128
+1 158
+11 31
+1 31
-1 31
+3 31
-3 31
+3 62
-3 1
+1 1
-1 1
+3 1
-3 1
+3 114
+4 16
+1 12
+6 28
cfi=(25) /build/eglibc-3GlaMS/eglibc-2.19/misc/../sysdeps/unix/syscall-template.S
cfn=(68) mmap
calls=4 +4 
* 24
+2 20
+4 12
+3 4
+1 4
+2 20
-3 28
+1 28
+2 224
-31 3
+1 1
-2 3

fn=(82) free
121 1
-2 2
+2 1
+7 2

fn=(76) strsep
338 8
+2 4
+1 8
+4 132
+7 366
-2 244
+10 61
-15 185
+18 2
+4 4

fl=(26) /build/eglibc-3GlaMS/eglibc-2.19/string/../sysdeps/x86_64/rtld-memset.S
fn=(70) memset
30 21
+1 21
+1 21
+1 6581
+1 21
+1 21

fl=(2) /build/eglibc-3GlaMS/eglibc-2.19/elf/rtld.c
fn=(88) do_preload
804 1
+12 1
-12 5
+10 1
-4 1
+1 1
+5 4
-10 1
+6 1
+4 1
cfi=(29) /build/eglibc-3GlaMS/eglibc-2.19/elf/dl-error.c
cfn=(90) _dl_catch_error
calls=1 163 
* 2519
+1 3
+8 3
+6 5

fn=(148) init_tls
724 1
-1 1
-6 1
+2 2
+4 1
+10 4
cfi=(15)
cfn=(32)
calls=1 102 
* 43
* 1
+11 1
-15 1
+3 1
+6 1
+2 1
-11 1
+15 1
+2 1
-1 1
+1 14
+2 12
+4 2
+2 2
-2 4
-5 12
+9 3
+3 1
cfi=(36) /build/eglibc-3GlaMS/eglibc-2.19/elf/dl-tls.c
cfn=(150) _dl_determine_tlsoffset
calls=1 112 
* 113
+7 1
cfi=(36)
cfn=(152) _dl_allocate_tls_storage
calls=1 328 
* 428
+1 1
-1 1
+1 1
+6 1
+8 1
-8 1
+8 6
+4 1
+2 1
+1 2

fn=(154) security_init
851 2
+2 1
fi=(38) /build/eglibc-3GlaMS/eglibc-2.19/elf/../sysdeps/unix/sysv/linux/dl-osinfo.h
61 2
+23 2
+2 1
+7 1
fe=(2)
855 1
+6 2
+2 1
fi=(38)
101 2
+11 1
fe=(2)
866 1
+2 1
+6 1
+1 3

fn=(96) map_doit
625 2
+2 7
cfi=(21) /build/eglibc-3GlaMS/eglibc-2.19/elf/dl-load.c
cfn=(98) _dl_map_object
calls=1 2317 
* 2446
* 1
+2 2

fn=(48) rtld_lock_default_unlock_recursive
844 10

fn=(22) dl_main
891 1
+19 1
-19 9
+19 1
+3 1
2492 1
891 1
2492 1
913 1
+4 1
-26 1
+26 1
+1 2
+5 2
2485 2
+7 1
-4 1
+4 1
-5 1
+5 9
+2 2
cfi=(11) /build/eglibc-3GlaMS/eglibc-2.19/elf/dl-environ.c
cfn=(24) _dl_next_ld_env_entry
calls=1 30 
* 82
* 4
cfi=(11)
cfn=(24)
calls=2 30 
* 418
* 9
+4 48
+1 19
-1 57
+3 4
+6 16
+76 4
cfi=(12) /build/eglibc-3GlaMS/eglibc-2.19/string/../string/memcmp.c
cfn=(26) bcmp
calls=1 315 
* 120
* 2
+2 3
-55 4
cfi=(12)
cfn=(26)
calls=1 315 
* 26
* 2
2660 3
+33 3
933 4
1132 7
cfi=(13) /build/eglibc-3GlaMS/eglibc-2.19/elf/dl-object.c
cfn=(28) _dl_new_object
calls=1 61 
* 248
+2 1
-2 1
+2 1
+1 1
+1 1
+5 2
-5 1
+1 3
+4 1
cfi=(13)
cfn=(44) _dl_add_to_namespace_list
calls=1 32 
* 34
+1 2
900 1
1171 1
-3 1
-5 1
+1 1
+2 1
+5 6
+56 2
897 1
1227 2
-55 24
-1 27
+1 47
-1 2
1274 3
+3 2
+2 2
+2 2
+13 3
+1 8
cfi=(17) /build/eglibc-3GlaMS/eglibc-2.19/string/../sysdeps/x86_64/multiarch/../strcmp.S
cfn=(50) strcmp
calls=1 131 
* 7
* 3
+7 1
+3 1
-5 1
+3 1
+2 1
+1 2
+4 2
+2 2
fi=(3) /build/eglibc-3GlaMS/eglibc-2.19/elf/get-dynamic-info.h
29 1
+9 2
+6 1
-2 1
+2 2
+7 1
+5 1
+3 1
+2 1
-3 1
-3 1
-3 14
+10 3
-18 9
+8 21
+10 21
-18 63
+18 1
-18 3
+2 50
+5 16
+2 4
+16 3
+38 3
+5 2
+7 2
+1 3
+16 3
+14 3
+18 2
fe=(2)
1317 2
cfi=(6)
cfn=(10) _dl_setup_hash
calls=1 859 
* 25
+3 4
fi=(18) /build/eglibc-3GlaMS/eglibc-2.19/elf/setup-vdso.h
24 2
fe=(2)
1342 1
cfi=(19) /build/eglibc-3GlaMS/eglibc-2.19/elf/../sysdeps/unix/sysv/linux/dl-sysdep.c
cfn=(56) _dl_discover_osversion
calls=1 45 
* 93
* 8
1176 3
+1 1
+90 2
+1 2
+1 1
-6 2
+1 1
-37 2
-1 2
+1 4
-1 2
+2 4
+1 1
+3 2
+1 2
-1 2
+1 2
+1 2
+1 6
+1 2
-43 1
-2 2
+27 1
-25 1
+7 2
-10 1
+10 1
-19 3
+1 1
fi=(3)
56 4
+3 4
+1 1
+1 3
fe=(2)
2537 4
cfi=(12)
cfn=(26)
calls=1 315 
* 80
* 2
+2 3
1347 2
cfi=(21)
cfn=(60) _dl_init_paths
calls=1 714 
* 1693
+3 3
cfi=(28) /build/eglibc-3GlaMS/eglibc-2.19/elf/dl-debug.c
cfn=(84) _dl_debug_initialize
calls=1 50 
* 17
+7 1
-7 1
+2 1
+5 1
+3 3
+1 1
+3 1
-3 3
+1 2
+3 1
+5 1
-7 1
+7 1
+1 5
+4 1
+4 1
-2 4
+1 2
+1 3
+5 2
+1 6
+2 2
+1 2
+5 2
+5 3
906 1
1579 3
+3 2
+4 3
+5 2
+1 1
cfi=(28)
cfn=(86) _dl_debug_state
calls=1 74 
* 1
+5 3
+15 3
+4 3
+31 3
cfi=(23) /build/eglibc-3GlaMS/eglibc-2.19/io/../sysdeps/unix/syscall-template.S
cfn=(64) access
calls=1 81 
* 9
* 2
+77 4
+17 3
+1 1
-1 1
+1 2
-1 1
+1 5
cfi=(33) /build/eglibc-3GlaMS/eglibc-2.19/elf/dl-deps.c
cfn=(120) _dl_map_object_deps
calls=1 147 
* 25953
+1 1
+5 1
-5 3
+2 2
+3 4
+1 4
-1 2
+1 20
-1 10
+4 3
+1 3
+1 1
+2 2
+1 5
-1 6
+1 8
-1 12
-28 1
+1 1
-1 7
+4 1
+1 1
-1 1
+2 2
+1 2
+35 1
-1 2
+1 1
+2 1
+2 3
+2 1
-4 2
+5 1
-1 2
+14 2
+1 2
+1 3
+12 1
+1 1
-2 1
+2 1
-2 1
+2 1
-2 1
+2 1
-2 1
+2 1
cfi=(29)
cfn=(138) _dl_receive_error
calls=1 205 
* 10029
+10 1
+1 1
-1 1
+1 1
+1 1
cfn=(148)
calls=1 724 
* 671
* 1
+2 2
+3 1
cfn=(154)
calls=1 851 
* 22
+2 2
2054 3
+56 1
+4 1
+7 1
-11 1
+4 3
+4 2
+3 1
+8 2
+95 4
+1 1
+5 2
cfi=(36)
cfn=(192) _dl_allocate_tls_init
calls=1 376 
* 438
+4 2
+14 3
+2 2
+29 1
cfi=(7) /build/eglibc-3GlaMS/eglibc-2.19/elf/../elf/dl-sysdep.c
cfn=(194) _dl_sysdep_start_cleanup
calls=1 256 
* 1
+4 3
+20 3
cfi=(28)
cfn=(84)
calls=1 50 
* 8
+1 1
+1 1
cfi=(28)
cfn=(86)
calls=1 74 
* 1
+5 1
cfi=(35) /build/eglibc-3GlaMS/eglibc-2.19/elf/dl-cache.c
cfn=(196) _dl_unload_cache
calls=1 309 
* 15
+5 8
-65 2
+15 1
+3 1
-3 1
+3 1
-3 2
+3 2
-3 1
+2 1
+1 1
cfi=(39) /build/eglibc-3GlaMS/eglibc-2.19/elf/dl-reloc.c
cfn=(158) _dl_relocate_object
calls=1 154 
* 7219
+1 4
+2 3
-96 3
+7 1
+2 11
+2 1
+2 18
+5 12
+2 12
+8 6
-2 6
+2 12
+1 40
cfi=(39)
cfn=(158)
calls=5 154 
* 98034
+4 22
-22 16
+25 4
+2 1
+6 1
-6 1
+6 1
-22 1
+1 1
-3 2
+14 4
cfi=(36)
cfn=(190) _dl_add_to_slotinfo
calls=2 831 
* 40
* 2
-69 1
899 2
1767 2
+21 3
1623 2
cfi=(9)
cfn=(18)
calls=1 26 
* 100
* 8
cfi=(16) /build/eglibc-3GlaMS/eglibc-2.19/string/../sysdeps/x86_64/multiarch/../memcpy.S
cfn=(42) memcpy
calls=1 61 
* 87
* 1
+3 5
-12 1
+12 1
+3 3
cfi=(15)
cfn=(76)
calls=1 338 
* 765
* 3
cfi=(15)
cfn=(76)
calls=1 338 
* 6
* 6
+1 2
+1 3
+2 4
cfn=(88)
calls=1 804 
* 2547
* 2
1336 3
1635 1
+1 1
-1 3
+1 1
+1 3

fn=(2) _dl_start
362 9
+18 4
fi=(3)
44 1
fe=(2)
380 1
fi=(5)
58 3
fi=(3)
-14 1
fe=(2)
409 1
-3 1
fi=(3)
44 1
+17 2
-3 1
-7 1
+5 1
+3 1
+2 1
-3 1
-3 1
-3 2
-5 26
+15 13
-18 39
+18 1
-18 3
+2 36
+5 20
+1 16
+10 4
-18 12
+25 2
+20 4
+1 4
+1 4
+1 4
+2 4
+5 4
+1 4
+1 4
+6 3
+5 2
+7 3
+1 3
+8 3
+2 3
+3 2
+1 2
fe=(2)
537 2
+7 1
285 2
+12 2
cfi=(6)
cfn=(10)
calls=1 859 
* 25
+1 2
+1 2
+1 2
+1 2
+21 1
+10 1
-10 3
+10 1
-6 1
-4 1
+10 1
cfi=(7)
cfn=(12) _dl_sysdep_start
calls=1 86 
* 150638
* 1
+9 4
+3 1
+4 1
-4 1
+4 1
569 9
fi=(3)
53 4
+3 4
fe=(2)
542 34
fi=(4) /build/eglibc-3GlaMS/eglibc-2.19/elf/do-rel.h
84 1
+27 1
-28 1
+28 2
+1 2
fi=(5)
492 2
fi=(4)
112 18
fi=(5)
492 18
+1 20
fi=(4)
111 20
fi=(5)
493 10
fi=(4)
111 10
+5 2
+8 1
fi=(5)
287 1
fi=(4)
124 2
+13 1
+2 2
-2 1
fi=(5)
241 1
fi=(4)
137 1
fi=(5)
269 1
fi=(4)
137 2
fi=(5)
269 1
fi=(4)
137 8
+2 16
-2 8
fi=(5)
241 8
fi=(4)
137 8
fi=(5)
269 8
fi=(4)
137 16
fi=(5)
269 8
+9 18
+3 9
-3 18
+3 27
+6 54
fi=(3)
59 4
+1 1
+1 2
fe=(2)
285 73
fi=(5)
391 9
+9 9
fi=(4)
124 28
fe=(2)

fn=(140) version_check_doit
657 2
+2 4
cfi=(37) /build/eglibc-3GlaMS/eglibc-2.19/elf/dl-version.c
cfn=(142) _dl_check_all_versions
calls=1 380 
* 9989
* 2
+4 2

fn=(92) _dl_initial_error_catch_tsd
798 22

fn=(46) rtld_lock_default_lock_recursive
838 10

fl=(30) /build/eglibc-3GlaMS/eglibc-2.19/setjmp/../sysdeps/x86_64/setjmp.S
fn=(94) __sigsetjmp
26 9
+9 9
+1 18
+1 9
+4 9
+1 9
+1 9
+1 9
+1 9
+2 18
+2 9
+1 9
+3 18
+2 9
+4 9
+1 9

fl=(28)
fn=(84)
50 12
+5 10
+5 2
-1 1
+1 2
+1 2
-1 2
-9 6
+4 12
+4 1
-1 1
-58 6

fn=(86)
74 2

fl=(21)
fn=(102) open_verify
1873 10
+36 1
-36 2
+36 2
+21 4
cfi=(23)
cfn=(104) open
calls=1 81 
* 5
+1 1
-1 1
+1 1
+10 1
+1 2
+5 6
cfi=(23)
cfn=(106) read
calls=1 81 
* 5
+2 2
+2 1
+2 1
-2 2
+2 1
+6 2
+16 5
cfi=(12)
cfn=(26)
calls=1 315 
* 88
* 2
+2 1
-2 2
+4 4
cfi=(12)
cfn=(26)
calls=1 315 
* 80
-4 2
+75 2
+5 2
+3 4
+5 2
+7 1
+1 1
-1 4
+1 3
+1 1
+15 61
+2 19
+4 4
+1 2
+13 1
+1 1
+2 1
-3 1
+1 1
-1 1
+1 1
-2 1
+4 2
-7 4
cfi=(12)
cfn=(26)
calls=1 315 
* 80
* 2
-97 3
2154 8

fn=(78) expand_dynamic_string_token
415 16
+10 6
cfi=(27) /build/eglibc-3GlaMS/eglibc-2.19/string/../sysdeps/x86_64/multiarch/../strchr.S
cfn=(72) index
calls=2 24 
* 70
* 4
161 4
cfi=(9)
cfn=(18)
calls=2 26 
* 125
* 2
+1 4
cfi=(15)
cfn=(36)
calls=2 -69 
* 68
* 2
+2 4
+3 6
440 10
167 2
cfi=(16)
cfn=(42)
calls=2 61 
* 78

fn=(108) _dl_map_object_from_fd
923 48
+11 4
-11 4
+11 4
-11 8
+11 4
cfi=(28)
cfn=(84)
calls=4 50 
* 32
+4 12
-4 4
+4 4
cfi=(32) /build/eglibc-3GlaMS/eglibc-2.19/io/../sysdeps/unix/sysv/linux/wordsize-64/fxstat.c
cfn=(112) _fxstat
calls=4 34 
* 40
* 8
+11 28
+1 12
-1 42
+1 56
+17 8
+25 8
+10 8
+22 16
+32 8
935 4
1059 28
cfi=(13)
cfn=(28)
calls=4 61 
* 1998
+1 4
-1 4
+1 4
+11 8
+5 4
-5 4
+1 8
+1 4
+2 4
-2 4
+2 16
+1 12
+1 4
+24 8
+8 4
-8 36
+8 4
-8 4
+8 4
+89 4
-95 4
-1 4
+96 4
1092 4
1198 8
+8 20
-96 64
-1 272
+1 208
+6 8
+1 12
+1 4
+3 4
+1 2
+5 40
+6 16
+1 8
-1 32
+8 8
+2 16
-2 8
+1 8
+4 8
-5 16
+1 16
+1 8
+1 8
+3 8
+4 8
-9 8
+2 8
+1 8
+1 8
+1 8
+4 8
+1 12
+5 8
-16 4
+16 20
+10 4
-10 8
-16 4
+16 20
+10 4
+3 6
+5 2
-1 2
+3 2
-1 2
-1 2
+1 2
+3 6
+1 4
+3 4
+4 8
+6 2
cfi=(36)
cfn=(136) _dl_next_tls_modid
calls=2 50 
* 16
* 4
+1 2
+60 8
+1 12
+1 4
-6 8
+1 16
+8 12
+13 32
+2 8
+14 4
+5 24
cfi=(25)
cfn=(68)
calls=4 81 
* 24
+4 4
-4 4
+4 4
+7 4
+1 4
-1 4
+1 4
+2 4
-3 4
+1 4
+2 4
+10 4
+2 4
+33 24
+1 12
+2 16
+8 32
+6 4
+2 4
-2 4
+1 4
+2 4
-1 4
+1 4
-1 12
+8 8
+3 8
+11 28
cfi=(26)
cfn=(70)
calls=4 30 
* 5448
+1 20
+5 8
+15 8
-74 40
+2 16
+2 32
cfi=(25)
cfn=(68)
calls=4 81 
* 24
* 8
-30 4
-1 20
cfi=(25)
cfn=(114) mprotect
calls=4 81 
* 20
* 4
1072 4
1418 16
+9 8
fi=(3)
38 4
fe=(21)
1427 4
fi=(3)
38 4
+6 4
-2 4
+2 8
+7 4
+5 4
+3 4
-1 4
-3 4
-3 92
+10 21
-18 63
+8 78
+10 78
-18 234
+18 4
-18 12
+2 206
+5 100
+2 16
+16 8
+20 14
+1 16
+1 16
+1 16
+2 16
+5 16
+1 15
+1 16
+6 12
+5 8
+7 8
+1 12
+16 12
+5 3
+2 3
-2 3
+2 3
+2 6
+2 6
+3 12
+10 2
-8 4
+9 4
-1 2
+5 4
+3 8
fe=(21)
1433 8
+16 12
+19 8
+2 20
+55 12
+1 4
+3 4
cfi=(23)
cfn=(118) close
calls=2 81 
* 10
* 4
cfi=(23)
cfn=(118)
calls=2 81 
* 10
* 8
+8 20
+3 12
+2 4
-2 4
+2 4
+16 8
cfi=(6)
cfn=(10)
calls=4 859 
* 100
+4 8
+1 8
+17 8
+1 2
+3 2
+5 2
-5 2
+1 4
+4 2
-5 2
+5 2
-5 2
+1 4
+4 2
+10 12
cfi=(13)
cfn=(44)
calls=4 32 
* 184
+4 16
+20 32
fi=(3)
56 16
+3 16
+1 4
+1 16
fe=(21)
1356 10
+2 2
-1 6
+1 4
-1 2
+1 4
-1 4
+3 8
+43 16
cfi=(25)
cfn=(68)
calls=2 81 
* 12
+3 4
1537 8
474 4

fn=(60)
714 1
+13 2
-13 8
+13 3
cfi=(22) /build/eglibc-3GlaMS/eglibc-2.19/elf/dl-hwcaps.c
cfn=(62) _dl_important_hwcaps
calls=1 39 
* 351
+5 1
-5 1
+5 1
cfi=(15)
cfn=(36)
calls=1 93 
* 34
* 1
+1 1
-1 1
-1 1
+2 1
+8 1
-1 1
+1 4
-1 4
+5 2
cfi=(15)
cfn=(36)
calls=1 93 
* 55
* 1
+2 1
-3 1
+3 2
+29 1
-12 1
-10 1
+11 1
+3 2
+8 1
-12 1
+3 2
-14 1
+9 1
+5 3
+9 2
-7 27
cfi=(26)
cfn=(70)
calls=4 30 
* 88
+7 16
-12 3
+12 6
-14 3
+3 6
-1 3
+3 3
-5 3
+6 12
+4 3
-3 3
+3 6
-3 3
-7 6
+25 1
-11 1
+6 1
+1 1
+5 2
+2 4
+2 3
+38 4
+8 3
cfi=(27)
cfn=(72)
calls=1 24 
* 23
* 2
+2 2
cfi=(9)
cfn=(18)
calls=1 26 
* 55
* 8
cfi=(16)
cfn=(42)
calls=1 61 
* 31
* 1
+17 3
-1 2
+3 1
+1 3
+1 1
-4 3
+2 13
+1 39
+1 13
-4 40
+8 1
cfi=(15)
cfn=(36)
calls=1 93 
* 34
* 1
+1 1
-2 1
+2 1
+6 8
cfn=(74) fillin_rpath
calls=1 486 
* 681
+4 3
+6 1
+4 8
-75 1
-2 1
+2 2
+14 2

fn=(126) open_verify.constprop.6
1871 90
+38 9
-38 9
+38 18
+21 36
cfi=(23)
cfn=(104)
calls=9 81 
* 69
+1 9
-1 9
+1 9
+10 3
+1 6
+5 18
cfi=(23)
cfn=(106)
calls=3 81 
* 15
+2 6
+2 3
+2 3
-2 6
+2 3
+6 6
+16 15
cfi=(12)
cfn=(26)
calls=3 315 
* 264
* 6
+2 3
-2 6
+4 12
cfi=(12)
cfn=(26)
calls=3 315 
* 240
-4 6
+75 6
+5 6
+3 12
+5 6
+7 3
+1 3
-1 15
+1 9
+1 3
-2 3
+17 159
+2 55
+4 12
+1 6
+13 3
+1 3
+2 3
-3 3
+1 3
-1 3
+1 3
-2 3
+4 6
+5 2
+1 2
-13 8
cfi=(12)
cfn=(26)
calls=2 315 
* 146
* 12
cfi=(12)
cfn=(26)
calls=3 315 
* 240
* 10
+16 4
+6 2
-3 2
+1 2
+1 2
+1 4
+1 8
-4 2
+1 2
+1 2
-1 6
-1 2
+4 4
+5 6
+23 64
2005 2
+82 1
+67 8

fn=(74)
486 8
+2 1
-2 9
+5 1
cfi=(15)
cfn=(76)
calls=1 338 
* 237
* 3
+4 4
cfn=(78)
calls=1 -80 
* 162
+2 1
-2 1
+2 1
cfi=(9)
cfn=(18)
calls=1 26 
* 44
+4 1
-4 1
+4 1
+7 6
+34 2
+4 3
+1 3
-1 1
+1 1
-2 1
cfi=(15)
cfn=(36)
calls=1 93 
* 34
* 1
+3 1
-3 1
+3 3
+5 1
+1 3
-2 1
+2 1
cfi=(24) /build/eglibc-3GlaMS/eglibc-2.19/string/../sysdeps/x86_64/memcpy.S
cfn=(66) mempcpy
calls=1 61 
* 31
+3 1
-3 1
+3 1
-2 1
+2 1
+6 4
+1 14
+1 10
+3 1
-1 2
+1 1
+7 1
+1 1
-1 1
+4 3
+2 2
cfi=(15)
cfn=(82)
calls=1 121 
* 6
* 1
* 2
-90 1
cfi=(15)
cfn=(76)
calls=1 338 
* 6
* 2
+94 1
+3 9
-65 18
+1 8
-16 2
+5 2
+3 5
+26 2
+31 2

fn=(98)
2317 72
+7 9
-7 18
+7 9
+1 18
+3 81
+12 60
-12 90
+5 105
+1 70
+2 105
cfi=(31) /build/eglibc-3GlaMS/eglibc-2.19/elf/dl-misc.c
cfn=(100) _dl_name_match_p
calls=35 288 
* 2300
* 75
2607 72
2362 8
+10 24
+26 8
-2 4
+2 4
cfi=(27)
cfn=(72)
calls=4 24 
* 92
* 8
2538 6
cfn=(78)
calls=1 415 
* 239
+1 1
-3 1
+4 1
-1 2
+4 6
cfn=(102)
calls=1 1873 
* 447
+3 1
-3 1
+3 1
+12 16
+2 8
+44 4
+1 32
-1 4
+1 12
cfn=(108)
calls=4 923 
* 11485
* 4
2402 6
cfi=(9)
cfn=(18)
calls=3 26 
* 191
* 3
+2 3
-2 3
+2 3
+7 12
+35 6
+1 45
cfn=(124) open_path
calls=3 2168 
* 1216
* 9
+6 18
691 3
2454 3
691 6
2530 6
-95 12
+21 6
+6 12
+2 9
+4 6
cfi=(35)
cfn=(130) _dl_load_cache_lookup
calls=3 182 
* 5035
+2 3
-2 3
+2 3
+4 9
+8 6
+22 27
cfn=(126)
calls=3 1871 
* 1516
+3 9
161 9
cfi=(9)
cfn=(18)
calls=3 26 
* 257
* 3
+1 6
cfi=(15)
cfn=(36)
calls=3 -69 
* 102
* 3
+2 9
+3 12
cfi=(16)
cfn=(42)
calls=3 61 
* 210
2510 3
-1 3
+1 6
-74 21
691 3
2437 3
691 6
2415 3
+8 9
-7 9
-1 3
+8 24
-3 9
691 3
2421 3
691 6
2341 90
+3 15
+2 15
-1 30
+1 15
cfi=(17)
cfn=(50)
calls=15 131 
* 315
* 30

fn=(124)
2168 24
+1 3
-1 15
+7 3
-7 3
+1 3
+6 3
+5 6
-7 3
+7 3
-8 3
+8 9
+74 3
-74 3
+74 3
-22 6
-52 3
+52 9
-40 3
-9 3
+9 3
+7 12
cfi=(24)
cfn=(66)
calls=3 61 
* 93
+1 3
-1 3
+1 9
-13 6
+33 8
-20 35
+3 24
+4 48
cfi=(24)
cfn=(66)
calls=6 61 
* 113
* 24
cfi=(24)
cfn=(66)
calls=6 61 
* 154
* 6
+3 6
+3 12
+3 36
cfn=(126)
calls=6 1871 
* 234
* 6
+2 18
+26 8
+2 6
-21 8
+1 36
+6 8
+2 12
-2 4
+2 4
cfi=(34) /build/eglibc-3GlaMS/eglibc-2.19/io/../sysdeps/unix/sysv/linux/wordsize-64/xstat.c
cfn=(128) _xstat
calls=4 34 
* 49
* 8
+1 1
+2 1
-2 1
+2 8
+7 2
-44 2
+37 6
+7 6
-44 7
+85 15
+7 3
-2 3
+2 9
+3 9
-13 3
+27 27
-72 6

fl=(16)
fn=(42)
61 21
+2 21
+2 21
+3 20
+1 20
+2 5
+1 5
+2 5
+1 5
+5 5
+1 5
-1 15
+1 15
+2 5
+1 5
+2 5
+1 10
+5 5
+1 5
-1 15
+1 15
+2 4
+1 4
+2 4
+1 4
+5 4
+1 4
-1 16
+1 16
+2 12
+1 12
+2 12
+1 12
+5 12
+1 12
-1 8
+1 19
+5 11
+1 11
+1 11
+1 11
+2 11
+2 11
+1 11
+2 11
+8 20
+8 7
+6 7
+2 7
+1 7
+3 3
+1 6
+5 3
+1 3
+2 3
+2 3
+1 3
+2 3
-8 17
+1 17
+2 17
+2 17
+1 17
+2 20
+9 3
+1 3
-1 4
+1 4
+3 7
+1 7
+1 7
+5 6
+2 6
+1 6
+1 6
+1 6
+2 6
+1 6
+1 6
+1 6
+2 6
+1 6
+2 6
+22 7
+6 7
+1 7
+2 1

fl=(7)
fn=(194)
256 1

fn=(12)
86 7
+25 1
-1 1
+1 1
-25 1
+25 231
+6 1
-3 1
+1 1
-4 1
+3 1
+3 4
+1 6
-1 3
-29 1
-1 2
+31 105
-1 82
fi=(19)
-82 2
cfi=(8) /build/eglibc-3GlaMS/eglibc-2.19/elf/../sysdeps/unix/sysv/linux/x86_64/brk.c
cfn=(14) brk
calls=1 -4 
* 12
fi=(5)
200 5
fe=(7)
+34 2
cfi=(10) /build/eglibc-3GlaMS/eglibc-2.19/elf/../misc/sbrk.c
cfn=(20) sbrk
calls=1 34 
* 17
* 3
+12 3
+3 6
cfi=(2)
cfn=(22)
calls=1 891 
* 150069
+1 1
+1 8
151 1
+1 1
+27 1
+1 1
-17 1
+1 1
-7 1
+1 1
-4 1
+1 1
-25 1
+1 1
-4 1
+1 1
-7 1
+1 1
+2 1
+1 1
232 1
cfi=(9)
cfn=(18)
calls=1 26 
* 39
* 2

fl=(22)
fn=(62)
39 8
+3 1
-1 1
+1 1
+9 1
-12 3
+3 1
-3 1
+3 1
+9 2
+10 4
+31 2
+23 3
cfi=(23)
cfn=(64)
calls=1 -34 
* 9
* 2
-2 1
+17 6
+3 2
+29 2
+8 2
+2 4
+1 4
+4 2
+4 1
-3 1
-1 1
+4 1
+3 2
+4 5
+1 1
-1 7
+1 1
+18 12
+1 4
cfi=(15)
cfn=(36)
calls=1 93 
* 34
* 1
+1 1
-1 1
+1 3
+29 1
+3 1
-3 2
+3 1
+28 9
+1 2
-1 2
+1 6
-1 8
+5 6
+3 1
-3 1
+3 2
-3 1
+3 1
-3 2
+3 1
-3 1
+3 2
-3 1
+3 3
+1 12
+1 4
-1 4
+1 8
-2 4
+1 8
-1 14
+4 4
+3 1
+2 2
-1 1
-1 2
+2 10
+13 2
+1 1
-1 1
+3 2
-3 2
+1 1
-1 1
+3 2
+3 3
+3 1
-1 1
+1 7
145 2
-14 2
243 3
cfi=(24)
cfn=(66)
calls=1 61 
* 22
+1 2
-1 2
+1 1
cfi=(24)
cfn=(66)
calls=1 61 
* 22
* 4

fl=(48) /build/eglibc-3GlaMS/eglibc-2.19/elf/dl-init.c
fn=(204) call_init.part.0
34 48
+8 6
-8 6
+11 6
-3 12
+3 18
+5 15
+5 8
+8 8
+1 24
cob=(2) ???
cfi=(14) ???
cfn=(508) 0x0000000004a25560
calls=1 -64 
* 6
cob=(2)
cfi=(14)
cfn=(284) 0x0000000004c2a4a0
calls=1 -64 
* 6
cob=(3)
cfi=(61) /build/eglibc-3GlaMS/eglibc-2.19/csu/../csu/init-first.c
cfn=(262) _init
calls=1 -12 
* 181
cob=(2)
cfi=(14)
cfn=(206) 0x0000000004e3b530
calls=1 -64 
* 5679
+3 4
+1 8
+6 4
+2 8
-2 8
+3 20
+1 16
cob=(6) /usr/lib/valgrind/vgpreload_core-amd64-linux.so
cfi=(88) ???
cfn=(512) 0x0000000000000670
calls=1 -78 
* 16
cob=(5) /usr/lib/x86_64-linux-gnu/libgomp.so.1.0.0
cfi=(70) ???
cfn=(288) 0x0000000000004760
calls=1 -78 
* 16
cob=(3)
cfi=(67)
cfn=(274)
calls=1 550 
* 1045
cob=(4) /lib/x86_64-linux-gnu/libpthread-2.19.so
cfi=(58) ???
cfn=(250) 0x0000000000006990
calls=1 -78 
* 16
* 16
cob=(5)
cfi=(70)
cfn=(496) 0x0000000000004670
calls=1 -78 
* 1104
cob=(5)
cfi=(70)
cfn=(296) 0x0000000000003b10
calls=1 -78 
* 18906
cob=(3)
cfi=(69) /build/eglibc-3GlaMS/eglibc-2.19/elf/dl-altinit.c
cfn=(282) dlinit_alt
calls=1 -45 
* 4
cob=(4)
cfi=(59) /build/eglibc-3GlaMS/eglibc-2.19/nptl/../nptl/sysdeps/unix/sysv/linux/x86/elision-conf.c
cfn=(258) elision_init
calls=1 -14 
* 104
* 8
-1 16
+3 30
-29 2
+29 6
-34 3

fn=(202) _dl_init
86 11
+1 1
+1 1
+3 3
+7 4
+27 21
+1 18
-90 32
cfn=(204)
calls=5 -2 
* 21522
* 5
+96 8
-96 3
cfn=(204)
calls=1 -2 
* 5861
+58 2

fl=(11)
fn=(24)
30 3
+3 11
+2 148
+11 72
-13 216
-2 1
+19 1
-14 40
+5 2
-3 2
+3 2
+2 2

fl=(23)
fn=(64)
81 20
+2 25

fn=(106)
81 16
+1 4

fn=(118)
81 20
+1 5

fn=(104)
81 44
+1 5
+1 30

fl=(35)
fn=(130)
182 24
+8 6
+3 9
+45 8
+6 9
+9 3
+6 6
-6 9
+6 3
cfi=(23)
cfn=(64)
calls=3 81 
* 27
* 3
+4 3
-10 3
+10 9
+15 414
cfn=(134) _dl_cache_libcmp
calls=25 138 
* 2005
* 112
-82 4
cfi=(31)
cfn=(132) _dl_sysdep_read_whole_file
calls=1 45 
* 67
+8 1
-8 1
+8 4
+1 4
cfi=(12)
cfn=(26)
calls=1 315 
* 112
* 2
+7 1
-3 1
+3 3
+3 1
+1 2
-1 1
+1 1
+1 3
cfi=(12)
cfn=(26)
calls=1 +98 
* 111
* 2
+2 2
+59 142
cfn=(134)
calls=8 138 
* 1151
* 9
cfn=(134)
calls=3 138 
* 561
* 28
-14 12
+14 3
-14 6
-1 9
+15 96
+16 6
+5 27
-21 9

fn=(134)
138 108
+1 94
+2 494
+2 247
-2 247
+2 22
+6 11
+2 11
-1 11
-1 11
+1 11
-1 11
+2 33
+2 55
+2 22
+6 472
+2 894
+4 211
+1 211
-29 422
+32 22
+1 22
-8 25
+8 50

fn=(196)
309 4
-1 1
+3 2
cfi=(25)
cfn=(198) munmap
calls=1 81 
* 5
+1 1
+2 2

fl=(31)
fn=(100)
288 1345
+1 538
cfi=(17)
cfn=(50)
calls=269 131 
* 1890
* 269
+1 269
-1 269
+3 269
+2 538
+4 268
-4 536
+1 840
cfi=(17)
cfn=(50)
calls=280 131 
* 5113

ob=(3)
fl=(67)
fn=(274)
756 1
+1 1
+2 1
-3 1
+5 1
+2 1
-7 1
+4 2
+3 1
-3 1
+3 2
-93 5
-45 2
+6 5
+7 2
+4 4
+2 4
-6 4
+4 1
-2 1
+2 1
-4 3
+4 1
-2 1
+2 1
+15 2
-8 1
+2 2
+1 1
-1 2
+1 1
+1 1

fn=(278)
162 8
+6 4
-7 8
+7 8
-7 4
+7 8
-7 4
+7 4
+2 4
-2 4
+2 12
+2 4
+2 8
-2 6
+2 12
+8 20
+53 16
fi=(68) /build/eglibc-3GlaMS/eglibc-2.19/string/../bits/stdlib-bsearch.h
27 8
+1 16
+3 16
+1 8
fe=(67)
150 16
fi=(68)
31 12
+1 6
fe=(67)
150 12
+3 54
fi=(68)
29 46
+2 46
-2 46
+2 80
+1 40
fe=(67)
150 80
295 8
170 16
-6 2
300 16
fi=(68)
37 8
-8 18
fe=(67)
194 10
+5 10
-5 14
+34 3
-34 15
+5 6
+4 8
+7 8
+3 2
+2 4
-10 2
-2 2
+2 3
+12 2
+2 2
+1 2
-3 2
+2 2
-1 2
-1 2
+2 2
-1 6
+1 2
-2 4

fl=(103) /build/eglibc-3GlaMS/eglibc-2.19/malloc/morecore.c
fn=(596) __default_morecore
46 61
+1 61
cfi=(104) /build/eglibc-3GlaMS/eglibc-2.19/misc/sbrk.c
cfn=(598) sbrk
calls=61 -13 
* 2314
+2 183
+3 183

fl=(105) /build/eglibc-3GlaMS/eglibc-2.19/misc/../sysdeps/unix/sysv/linux/x86_64/brk.c
fn=(600) brk
31 61
-3 61
+3 427
+8 61
-6 122
+7 61

fl=(94)
fn=(554)
29 8
-1 8
+1 8
+5 12

fl=(72) /build/eglibc-3GlaMS/eglibc-2.19/string/../sysdeps/x86_64/strlen.S
fn=(306) strlen
66 12
+1 12
+1 12
+1 12
+1 12
+1 12
+1 12
+2 12
+2 12
+30 12
+1 12
+1 12
+1 12
+1 12
+1 9
+1 9
+4 3
+1 3
+1 3
+1 3
+1 3
+1 3
+1 3
+1 3
+1 3
+1 3
+1 3
+1 3
+5 24

fl=(83) /build/eglibc-3GlaMS/eglibc-2.19/stdlib/../stdlib/strtol_l.c
fn=(420) ____strtoul_l_internal
232 8
+26 1
-12 1
-14 1
+26 1
+22 1
-1 1
+10 4
+9 6
+2 2
+5 2
+5 1
-6 1
+6 1
+4 2
+10 2
+7 3
-79 1
376 1
+3 2
+59 1
-54 1
-5 1
+1 3
+58 1
+2 2
+16 1
-74 1
+1 1
+57 1
+38 1
-22 1
-14 3
+28 3
+3 4
+5 1
-40 1
+41 2
-41 4
+46 2
+5 3
+1 1
+12 2
+11 5
+18 8
334 5

fl=(91) /build/eglibc-3GlaMS/eglibc-2.19/stdlib/cxa_atexit.c
fn=(532) __cxa_atexit
57 6
-22 2
cfn=(534) __new_exitfn
calls=1 +38 
* 38
+2 2
+4 1
+3 1
+1 1
-4 2
+2 1
+4 1
+1 1
+11 4

fn=(534)
73 1
+6 2
-6 3
+6 4
+2 4
-7 2
+9 3
-2 1
+10 1
-10 3
+45 1
+1 1
+3 4
+3 5
-21 1
+1 2

fl=(44) /build/eglibc-3GlaMS/eglibc-2.19/elf/../sysdeps/unix/sysv/linux/dl-vdso.c
fn=(178) _dl_vdso_vsym
27 4
-1 4
+1 4
+4 8
-3 8

fl=(54) /build/eglibc-3GlaMS/eglibc-2.19/resource/../sysdeps/unix/syscall-template.S
fn=(232) getrlimit
81 4
+1 1

fl=(82) /build/eglibc-3GlaMS/eglibc-2.19/stdlib/../stdlib/strtol.c
fn=(418) strtoul
108 4
cfi=(83)
cfn=(420)
calls=1 232 
* 101

fl=(56) /build/eglibc-3GlaMS/eglibc-2.19/nptl/../nptl/sysdeps/unix/sysv/linux/libc_pthread_init.c
fn=(244) __libc_pthread_init
42 1
+2 1
-2 1
+5 5
cfi=(57) /build/eglibc-3GlaMS/eglibc-2.19/nptl/../nptl/sysdeps/unix/sysv/linux/register-atfork.c
cfn=(246) __register_atfork
calls=1 +39 
* 50
* 1
+19 2
+2 1
+1 2
+1 1
-4 3
+2 53
+1 106
+1 53
-4 159
+12 1
-6 1
+6 2

fl=(40) /build/eglibc-3GlaMS/eglibc-2.19/string/../sysdeps/x86_64/multiarch/strcmp.S
fn=(180) strncasecmp
140 1
+1 1
+4 1
+1 1
+1 1
+11 1

fn=(170) strcasecmp
114 1
+1 1
+1 1
cfi=(41) /build/eglibc-3GlaMS/eglibc-2.19/csu/../sysdeps/x86_64/multiarch/init-arch.c
cfn=(172) __init_cpu_features
calls=1 -62 
* 93
+3 1
+1 1
+1 1
+11 1

fl=(65) /build/eglibc-3GlaMS/eglibc-2.19/string/../sysdeps/x86_64/strrchr.S
fn=(270) rindex
24 1
+1 1
+1 1
+1 1
+1 1
+1 1
+1 1
+1 1
+1 1
+1 1
+1 1
+1 1
+1 1
+1 1
+1 1
+1 1
+1 1
+1 1
+1 1
+1 1
+1 1
+1 1
+1 1
+1 1

fl=(90) /build/eglibc-3GlaMS/eglibc-2.19/csu/libc-start.c
fn=(530) (below main)
133 7
+4 1
-4 3
+4 3
+82 1
-82 1
+82 1
+1 4
cfi=(91)
cfn=(532)
calls=1 57 
* 60
+22 6
+3 2
+1 5
cob=(7) /home/martin/repositories/tddc78/lab3/lapsolvomp
cfi=(89) ???
cfn=(536) __libc_csu_init
calls=1 0 
* 55
+4 4
+15 2
+9 2
cfi=(92) /build/eglibc-3GlaMS/eglibc-2.19/setjmp/../sysdeps/x86_64/bsd-_setjmp.S
cfn=(550) _setjmp
calls=1 30 
* 29
+1 2
+5 2
+1 2
+3 2
+3 6
cob=(7)
cfi=(95) /home/martin/repositories/tddc78/lab3/lapsolvomp.c
cfn=(556) main
calls=1 51 
* 5946447402
137 2

fl=(97) /build/eglibc-3GlaMS/eglibc-2.19/malloc/hooks.c
fn=(690) realloc_hook_ini
38 2
+1 2
fi=(98) /build/eglibc-3GlaMS/eglibc-2.19/malloc/arena.c
373 3
fe=(97)
41 1
cfi=(96) /build/eglibc-3GlaMS/eglibc-2.19/malloc/malloc.c
cfn=(689) realloc'2
calls=1 2952 
* 219

fn=(572) malloc_hook_ini
30 2
fi=(98)
373 3
fe=(97)
29 3
cfi=(98)
cfn=(574) ptmalloc_init.part.7
calls=1 371 
* 58036
* 1
+4 1
-1 1
cfi=(96)
cfn=(571) malloc'2
calls=1 2876 
* 1177

fl=(85) /build/eglibc-3GlaMS/eglibc-2.19/misc/../sysdeps/unix/sysv/linux/getpagesize.c
fn=(468) getpagesize
29 16
+2 4

fl=(113) /build/eglibc-3GlaMS/eglibc-2.19/string/../sysdeps/x86_64/multiarch/memcpy-sse2-unaligned.S
fn=(850) __memcpy_sse2_unaligned
25 439592
+1 439592
+1 439592
+1 439592
+1 439592
+1 439592
+1 439592
+1 439592
+1 439592
+1 439592
+1 439592
+1 439592
+1 439592
+1 439592
+2 439592
+1 439592
+4 439592
+1 439592
+1 439592
+1 439592
+1 439592
+1 439592
+1 439592
+1 439592
+1 439592
+1 439592
+1 439592
+1 439592
+1 439592
+1 439592
+1 439592
+1 439592
+1 439592
+1 439592
+1 439592
+1 439592
+1 439592
+1 439592
+1 439592
+1 439592
+1 439592
+1 439592
+1 439592
+1 439592
+1 439592
+1 439592
+4 439592
+1 439592
+1 439592
+1 439592
+1 439592
+1 439592
+1 439592
+1 439592
+1 439592
+1 439592
+1 439592
-10 54192490
+1 54192490
+1 54192490
+1 54192490
+1 54192490
+1 54192490
+1 54192490
+1 54192490
+1 54192490
+1 54192490
+1 54192490
+1 439592

fl=(45) /build/eglibc-3GlaMS/eglibc-2.19/time/../sysdeps/unix/sysv/linux/x86_64/gettimeofday.c
fn=(182) gettimeofday
31 1
-1 1
fi=(43) /build/eglibc-3GlaMS/eglibc-2.19/time/../sysdeps/generic/dl-hash.h
+14 1
fe=(45)
-13 2
fi=(43)
+14 1
fe=(45)
-14 1
fi=(43)
+12 1
+5 3
+1 2
+13 2
-17 3
+3 9
+1 6
+13 6
-17 9
+22 1
fe=(45)
-36 2
+3 2
-3 1
+3 1
cfi=(44)
cfn=(178)
calls=1 -7 
* 7
+1 3
+1 3

fl=(55) /build/eglibc-3GlaMS/eglibc-2.19/elf/dl-tsd.c
fn=(238) __libc_dl_error_tsd
48 2
+1 1

fl=(96)
fn=(688) realloc
2952 9
+7 2
+1 2
+1 1
+87 7
-87 1
cfi=(97)
cfn=(690)
calls=1 38 
* 227

fn=(689)
2952 9
+7 2
+1 2
+4 2
+7 2
+77 1
-76 1
+76 6
-76 1
cfn=(570) malloc
calls=1 -96 
* 193

fn=(592) _int_malloc
3302 7077
+30 1011
-30 1011
+30 9099
+8 2022
+2 3
+1 1
+1 1
-1 2
+5 2
+29 2022
+2 10
+1 10
+2 15
3806 9099
3421 9049
+1 2012
+1 3
cfn=(594) malloc_consolidate
calls=1 4104 
* 793
* 1
3790 1
4992 2
3790 3
+2 25
4990 1
+2 1
-2 3
3442 2
3790 1010
4992 2020
3790 3030
+2 25250
4990 1010
+2 1010
-2 3030
3442 5053
3576 2022
+73 1011
+1 1011
+1 1011
-1 1011
+1 1011
+1 2022
+1 2022
+5 6066
+4 3033
+3 24
-3 18
+3 20
-3 15
+3 20
-3 10
3765 1011
+3 1011
-2 3033
+2 2022
+17 120
3578 2012
+3 3018
3421 2
5000 60
2271 240
+11 60
-11 60
+11 60
+87 60
-9 60
+9 414
+6 118
+3 180
2700 120
+1 60
+5 120
+3 120
+5 60
-3 60
+3 60
-2 60
+5 60
-3 180
+1 60
-1 60
-1 60
+1 120
+1 60
3801 120
1862 180
2272 120
3773 951
-3 951
+1 951
+2 951
-1 951
+1 1902
+2 951
-2 2853
1862 951
3773 951
+2 951
+3 951
1862 1902
2433 60
+19 120
-19 60
+9 60
+10 120
-10 60
+10 60
-10 180
+10 180
+8 60
-8 60
+8 60
+2 240
cfi=(103)
cfn=(596)
calls=60 46 
* 2776
* 120
+4 300
+3 120
+1 120
+19 60
+27 120
+1 1
+1 2
+6 1
-6 1
+6 1
-6 118
+6 59
-6 59
+6 177
+1 354
+2 2

ob=(1)
fl=(31)
fn=(100)
295 560
-5 12
+11 317
-1 257
+1 1028

fn=(132)
45 1
+7 1
-7 3
+7 1
-7 1
+1 1
-1 2
+7 1
cfi=(23)
cfn=(104)
calls=1 +29 
* 5
+1 1
-1 1
+1 1
+2 4
cfi=(32)
cfn=(112)
calls=1 -21 
* 10
* 2
+2 1
+3 1
-3 1
+3 1
+13 2
cfi=(23)
cfn=(118)
calls=1 +8 
* 5
+3 7
-14 6
cfi=(25)
cfn=(68)
calls=1 +19 
* 6
* 2

fl=(27)
fn=(72)
24 15
+1 15
+1 15
+1 15
+1 15
+1 15
+1 15
+1 15
+1 15
+1 15
+1 15
+1 15
+1 15
+1 15
+1 15
+1 15
+1 15
+1 12
+4 12
+1 12
+1 12
+1 12
+2 12
+4 3
+1 3
+1 3
+1 3
+1 3
+1 3
+1 3
+1 3
+1 3
+1 3
+1 3
+1 3
+1 3
+1 3
+1 3
+1 3
+1 3
+1 3
+1 3
+1 3
+1 3
+1 3
+1 3
+1 3
+52 3
+4 3
+1 3
+1 3
+1 3
+2 3

fl=(10)
fn=(20)
34 4
+8 6
+4 2
+11 5

fl=(29)
fn=(138)
205 10
+1 1
cfi=(2)
cfn=(92)
calls=1 798 
* 2
+5 1
-1 1
-4 1
+9 1
+2 1
-3 1
+3 1
cfi=(2)
cfn=(140)
calls=1 657 
* 9999
+2 1
+1 1
+1 8

fn=(90)
163 18
+15 9
-3 18
+1 18
-13 18
+14 18
+1 9
+2 9
cfi=(2)
cfn=(92)
calls=9 798 
* 18
+2 9
-1 9
+4 9
-5 9
+2 9
+3 9
-4 9
+4 9
cfi=(30)
cfn=(94)
calls=9 26 
* 171
* 27
+2 27
cfi=(33)
cfn=(122) openaux
calls=8 60 
* 22617
cfi=(2)
cfn=(96)
calls=1 625 
* 2458
+1 18
+2 9
+1 9
-3 9
+1 18
+1 9
+1 9
+8 36

fl=(36)
fn=(226) _dl_get_tls_static_info
320 2
+1 3

fn=(136)
50 2
+3 6
+48 4
+4 4

fn=(152)
328 1
+13 1
-13 2
+2 1
+11 2
cfi=(15)
cfn=(40)
calls=1 51 
* 51
* 1
+1 1
-1 1
+1 1
+7 1
+4 306
-58 1
+1 1
-1 1
+1 2
cfi=(15)
cfn=(32)
calls=1 102 
* 43
* 1
+1 2
+9 1
-6 1
+6 1
+64 5

fn=(150)
112 7
+6 3
+3 2
+36 1
-34 1
+34 2
+2 3
-2 1
-2 1
-40 1
-1 1
-1 2
+44 12
+2 2
+3 2
-1 2
+5 4
-4 2
-1 2
+7 2
-7 2
+3 4
+2 2
+2 2
-2 4
+16 10
+2 2
+1 2
-1 4
+4 6
+6 2
-12 6
+15 4
+1 1
+51 1
+1 8

fn=(730) _dl_allocate_tls
459 3
+1 3
-1 9
+1 3
295 3
+1 3
-1 3
+1 6
cob=(3)
cfi=(96)
cfn=(606) calloc
calls=3 3161 
* 815
* 3
+1 6
+3 3
+6 6
460 3
+3 9
-3 3
cfn=(192)
calls=3 -84 
* 1314

fn=(190)
831 6
+9 2
-9 2
+6 4
+8 10
+41 2
+1 6
+1 8

fn=(192)
376 28
+1 4
-1 4
+1 4
+4 8
+3 4
-1 4
-2 4
+8 12
+5 28
+6 28
+22 16
+1 32
+2 16
+9 8
-8 8
+8 16
-8 8
+8 8
+1 8
+1 24
cfi=(24)
cfn=(66)
calls=8 61 
* 148
* 40
cfi=(26)
cfn=(70)
calls=8 30 
* 1088
* 24
-42 40
+6 16
+3 8
+1 16
+6 8
+3 8
-3 16
+3 8
-1 16
+38 8
+2 4
+1 32

fl=(32)
fn=(112)
34 5
-1 5
+1 5
+1 30
+4 5

fl=(1) ???
fn=(0) 0x00000000000012d0
0 2
cfi=(2)
cfn=(2)
calls=1 362 
0 151458
0 14
cfi=(48)
cfn=(202)
calls=1 86 
0 27492
0 3
cob=(7)
cfi=(89)
cfn=(522) 0x0000000000400a20
calls=1 0 
0 5946448798

fl=(24)
fn=(66)
61 30
+4 30
+3 29
+1 29
+2 12
+1 12
+2 12
+1 12
+5 12
+1 12
-1 17
+1 17
+2 11
+1 11
+2 11
+1 11
+5 11
+1 11
-1 18
+1 18
+2 13
+1 13
+2 13
+1 13
+5 13
+1 13
-1 16
+1 16
+2 10
+1 10
+2 10
+1 20
+5 10
+1 10
-1 19
+1 25
+5 6
+1 6
+1 6
+1 6
+2 6
+2 6
+1 6
+2 6
+6 29
+4 29
+12 4
+2 4
+1 4
+26 4
+1 4
+3 4
+1 4
+1 4
+5 4
+2 4
+1 4
+1 4
+1 4
+2 4
+1 4
+1 4
+1 4
+2 4
+1 4
+2 4
+22 4
+2 4
+2 1
+7 1

fl=(13)
fn=(44)
32 10
+2 5
-2 15
+2 5
cfi=(2)
cfn=(46)
calls=5 838 
* 10
+2 36
+4 10
-1 42
+2 4
+2 4
+4 4
+4 4
-4 8
+1 8
+1 8
+2 4
+1 12
-1 4
cfi=(2)
cfn=(48)
calls=4 844 
* 8
-4 1
+4 1
-4 2
+1 2
+1 2
+2 1
+1 3
-1 1
cfi=(2)
cfn=(48)
calls=1 844 
* 2
-5 2

fn=(28)
61 70
+1 5
cfi=(9)
cfn=(18)
calls=5 -36 
* 282
+6 5
-6 20
+6 55
+7 20
cfi=(15)
cfn=(32)
calls=5 +27 
* 241
* 5
+3 5
-3 5
+3 5
+4 5
+5 10
-6 5
+6 5
-5 5
+4 10
+1 5
cfi=(16)
cfn=(42)
calls=5 -26 
* 137
* 5
+10 10
-8 5
+9 5
-1 10
+1 10
-1 5
+1 10
+3 5
-3 5
+3 5
+9 5
-7 5
+4 5
+3 10
+2 2
-2 2
+2 30
-2 30
+12 5
+6 5
-5 5
-1 5
+6 15
-2 5
+2 10
+2 12
+3 11
+4 12
+4 12
+2 1
+6 1
+3 2
+3 5
-3 8
+3 20
+2 4
+4 4
-4 4
cfi=(9)
cfn=(18)
calls=4 26 
* 283
* 8
+4 4
-4 4
+4 12
+64 8
+4 40
-88 12
-39 11
+39 3
+70 12
cfi=(24)
cfn=(66)
calls=4 61 
* 163
* 4
+5 69
+1 69
-1 69
+1 73
-1 4
+1 12
+5 8
-57 8
cfi=(15)
cfn=(36)
calls=4 -72 
* 136
* 4
+1 4
-1 4
+1 12

fl=(8)
fn=(14)
31 1
-3 1
+3 6
+8 1
-6 2
+7 1

fl=(17)
fn=(50)
131 778
+1 778
+1 778
+1 362
+1 362
+1 362
+1 362
cfn=(51) strcmp'2
calls=362 -6 
* 20764
+5 416
+1 416
+1 416
+1 416

fn=(51)
131 2902
+1 2902
+1 2902
+1 2765
+1 2765
+1 2765
+1 2765
cfn=(51)
calls=2540 -6 
* 111524
+2 225
+1 225
+2 137
+1 137
+1 137
+1 137

fl=(39)
fn=(158)
154 60
+15 6
-15 12
+15 6
+1 24
+6 12
+6 18
-18 12
+22 12
+7 12
-32 6
+77 6
fi=(5)
71 6
fe=(39)
238 12
fi=(5)
71 18
fe=(39)
264 276
-99 25
fi=(5)
276 40
fe=(39)
-12 5
fi=(4)
48 5
fe=(39)
264 5
fi=(4)
58 5
fe=(39)
264 5
fi=(4)
47 10
+11 10
fe=(39)
264 1
-99 5
fi=(5)
276 8
fe=(39)
-12 1
fi=(4)
48 1
fe=(39)
264 1
fi=(4)
58 1
fe=(39)
264 1
fi=(4)
47 2
+11 2
fe=(39)
264 6
fi=(4)
48 6
fe=(39)
264 6
fi=(4)
58 6
fe=(39)
264 6
fi=(4)
47 12
+11 12
+3 20
fi=(5)
503 288
+4 288
+2 432
+1 144
fi=(4)
61 444
+2 447
+2 17
-4 3
+13 10
+1 5
+1 10
fi=(5)
503 5
+24 5
fi=(4)
75 5
fi=(5)
527 5
+2 5
cob=(3)
cfi=(46) /build/eglibc-3GlaMS/eglibc-2.19/string/../sysdeps/x86_64/multiarch/memmove.c
cfn=(186) memcpy@GLIBC_2.2.5
calls=1 49 
* 13
cob=(3)
cfi=(45)
cfn=(182)
calls=1 31 
* 68
cob=(3)
cfi=(40)
cfn=(180)
calls=1 140 
* 6
cob=(3)
cfi=(42) /build/eglibc-3GlaMS/eglibc-2.19/time/../sysdeps/unix/sysv/linux/x86_64/time.c
cfn=(174) time
calls=1 37 
* 68
cob=(3)
cfi=(40)
cfn=(170)
calls=1 114 
* 100
fi=(4)
75 5
fi=(5)
530 5
fi=(4)
75 7
fe=(39)
264 3
fi=(4)
75 11
fe=(39)
264 33
+3 18
+28 6
+3 12
+17 18
+2 48
fi=(4)
84 7
+2 14
+12 7
-15 7
+15 7
-15 7
+15 7
+10 10
+3 14
fi=(5)
487 4
fi=(4)
112 8
fi=(5)
487 1266
fi=(4)
112 2516
fi=(5)
487 2516
+5 2524
+1 2524
fi=(4)
111 2524
fi=(5)
493 1262
fi=(4)
111 1262
+7 21
+3 6
+3 6
-3 6
+3 6
fi=(5)
422 5
fi=(4)
50 5
fi=(5)
422 5
fi=(4)
51 5
fi=(5)
422 20
fi=(4)
127 464
+9 232
+3 232
fi=(5)
244 116
fi=(4)
138 116
-2 116
+1 464
fi=(5)
244 116
+21 232
+4 232
+7 2195
fi=(4)
137 90
+1 90
fi=(5)
276 180
fi=(4)
137 90
fi=(5)
276 306
fi=(4)
137 9
+1 9
fi=(5)
276 18
fi=(4)
137 9
fi=(5)
276 1314
cfi=(6)
cfn=(164)
calls=99 714 
* 72009
* 495
+2 309
+3 107
-3 214
+3 321
+6 812
fe=(39)
183 12
+81 5
fi=(5)
77 10
+4 15
+14 5
-8 5
+8 10
+13 10
+3 20
410 297
fi=(4)
124 368
+19 10
fi=(5)
276 39
382 42
+4 70
+5 70
-63 3
+2 2
+9 2
-19 4
+1 6
fi=(4)
108 3
fe=(39)
323 12
+1 6
+1 6
-1 6
-1 12
+2 6
+3 12
+1 18
cfi=(25)
cfn=(114)
calls=6 81 
* 30
* 12
fi=(4)
160 8
+2 20
+8 10
+1 5
-1 5
+1 5
fi=(5)
+73 5
fi=(4)
-74 10
fi=(5)
+74 5
+21 10
+4 10
+7 135
cfi=(6)
cfn=(164)
calls=5 714 
* 2974
* 20
+2 15
+3 1
-3 2
+3 3
+6 35
410 15
fi=(4)
160 15
+14 5
fi=(5)
276 105
fe=(39)

fl=(25)
fn=(68)
81 75
+1 15

fn=(114)
81 40
+1 10

fn=(198)
81 4
+1 1

fl=(37)
fn=(142)
380 6
+4 4
-2 2
+4 42
cfn=(144) _dl_check_map_versions
calls=6 174 
* 9886
-2 6
+2 18
-1 6
-1 12
+5 7

fn=(144)
174 54
+15 6
-15 12
+15 12
+2 6
+3 6
-3 6
+2 6
+1 6
+2 6
-3 6
+3 6
+3 16
+4 24
+17 4
56 4
220 4
56 4
220 4
56 20
220 3
56 3
220 3
56 3
220 3
56 15
+1 27
-1 54
+2 102
cfi=(31)
cfn=(100)
calls=34 288 
* 2264
* 75
228 21
+5 49
+19 17
-15 312
cfn=(146) match_symbol
calls=6 76 
* 948
* 54
cfn=(146)
calls=18 76 
* 3281
* 24
+7 96
+3 79
+9 28
+5 3
+1 3
-79 2
-8 2
+95 18
+3 12
+10 43
-7 172
+3 129
-3 16
+3 12
+8 6
+86 6
-86 6
+87 8
-81 20
cfi=(15)
cfn=(32)
calls=5 102 
* 236
* 5
+1 5
-2 5
+2 5
+11 5
-3 5
+3 10
+2 15
+3 16
+4 21
+18 17
-15 51
+2 51
-2 21
+2 21
+2 24
+1 24
-1 48
+1 24
-1 24
+1 24
+1 24
-2 24
+2 48
+1 72
+3 72
+8 21
+5 3
+1 3
+4 15
+3 16
+20 43
-14 43
-2 43
+2 47
-2 4
+2 4
+4 43
+2 43
-1 86
+1 43
-1 129
+1 43
+1 43
+3 141
+10 5
-1 5
+1 35

fn=(146)
76 264
+9 24
-8 24
-1 48
+1 24
+8 24
+6 72
+15 24
+1 48
+2 24
+5 48
+14 368
+12 480
+4 160
-30 320
+16 24
+3 96
cfi=(17)
cfn=(50)
calls=24 -2 
* 1917
* 48
+35 192

fl=(6)
fn=(168) check_match.9458
131 903
+1 258
+2 258
+2 387
-2 258
+12 387
+3 502
cfi=(17)
cfn=(50)
calls=61 -18 
* 5925
* 122
+5 129
-1 129
+1 129
-1 129
+1 129
+2 256
+19 256
+1 1024
+46 903
-18 2
+2 2
+1 3
-1 2
+1 1
-1 2
-29 384
cfi=(17)
cfn=(50)
calls=128 -46 
* 11043
* 256

fn=(164)
714 1704
476 142
714 284
476 426
-1 284
+2 142
-1 142
+1 426
-1 426
+1 1825
-1 1825
+1 5475
-1 5759
716 142
+4 142
+4 142
-8 142
+1 284
+7 398
+5 142
+2 284
-2 142
+6 1136
+2 1846
cfn=(166) do_lookup_x
calls=142 82 
* 82699
+3 284
+3 13
-8 52
-7 284
+38 284
+22 129
+1 903
+26 129
+9 645
+14 387
+3 516
+5 129
+2 1136
-9 2
-71 91
+16 13
+1 26

fn=(166)
82 1278
+1 142
-6 142
+5 426
-5 994
+12 142
229 142
+3 284
-3 142
+3 284
98 142
-3 142
+1 142
+2 142
+3 142
-3 142
+3 142
-3 571
-3 571
+1 571
+2 571
+3 571
-3 571
+3 571
+4 1426
+4 1426
+4 1426
+6 2139
+4 1426
+1 2139
225 713
+1 1426
+4 1426
-2 713
+5 2852
+4 1426
-1 1426
+1 713
-1 1426
+21 584
+24 1168
461 3258
+1 1000
cfi=(31)
cfn=(100)
calls=200 288 
* 9754
* 1200
+3 1752
+3 26
286 976
+4 300
+13 129
+1 129
-1 129
+1 129
+1 129
469 1136
240 588
-1 294
+2 294
+2 417
+10 414
-7 1335
+2 258
+1 516
-1 258
+1 129
-1 516
+1 387
cfn=(168)
calls=129 131 
* 23779
+1 645

fn=(10)
859 18
+4 6
+4 12
+2 6
-1 6
+3 18
+1 6
+1 12
+3 6
-1 6
-2 6
+3 6
+4 12
-2 6
+1 6
+1 12
+1 6

fl=(52) /build/eglibc-3GlaMS/eglibc-2.19/elf/../sysdeps/x86_64/dl-trampoline.S
fn=(220) _dl_runtime_resolve
34 38
+2 38
+1 38
+1 38
+1 38
+1 38
+1 38
+1 38
+1 38
+1 38
+1 38
cfi=(53)
cfn=(222)
calls=38 +21 
* 39624
+1 38
+1 38
+1 38
+1 38
+1 38
+1 38
+1 38
+1 38
+1 38
+2 38

fl=(101) /build/eglibc-3GlaMS/eglibc-2.19/elf/dl-open.c
fn=(586) _dl_find_dso_for_object
182 5
+1 4
+1 20
+1 2
+3 2
+4 1
-9 12

fl=(12)
fn=(26)
315 19
+3 19
-3 95
+4 19
-4 19
+7 38
+4 21
+2 1
+1 1
+1 1
+1 1
+2 2
-5 1
+1 1
+1 1
+1 1
+2 2
+2 2
-9 6
+16 7
+1 14
-1 14
129 28
-18 12
346 8
+4 3
+2 3
-2 6
+1 3
+5 30
+2 13
+1 13
+1 13
+3 142
-3 80
-2 80
+1 80
+4 160
-7 184
+12 14
+1 152
228 3
-7 3
+1 3
+4 3
+2 3
-6 3
+4 3
+2 15
-95 4
+1 4
+1 4
+1 4
+1 4
+48 4
-2 4
+1 4
+1 28
-80 4
+1 8
+4 8
-5 16
+1 32
+4 36
234 3
+2 3
-4 3
+1 3
+4 3
-2 3
+56 6
-2 3
+2 6
-1 3
+1 6
+1 6
+12 18
+1 6
-6 6

fl=(34)
fn=(128)
34 4
-1 4
+1 4
+1 24
+4 1
-4 12

fl=(20) /build/eglibc-3GlaMS/eglibc-2.19/posix/../sysdeps/unix/syscall-template.S
fn=(58) uname
81 4
+1 1

fl=(19)
fn=(56)
45 7
+2 3
+85 8
-45 3
cfi=(20)
cfn=(58)
calls=1 -6 
* 5
* 1
+15 1
-15 1
+20 1
-1 1
+3 12
+4 3
-2 6
+2 10
+2 1
+1 2
-3 4
+7 3
-1 3
+4 3
-2 3
+2 10
+5 2

fl=(33)
fn=(120)
147 1
+1 1
-1 2
+1 1
-1 1
+1 1
-1 1
+1 2
-1 5
+1 1
-1 1
+1 2
+14 1
-2 1
+1 1
-13 1
+14 1
+6 3
+10 1
-10 1
+10 3
-14 1
-4 1
+2 1
+17 1
-17 1
-2 2
+2 1
-2 1
+2 1
-2 1
+1 1
+1 1
+6 3
+10 1
-10 1
+10 3
-16 3
+20 1
+21 1
+1 1
-22 2
+19 1
-12 1
+15 1
-16 1
+13 1
343 9
209 1
+8 1
-4 1
+4 1
-8 5
+8 5
-4 5
+4 5
+12 12
+2 4
+11 4
-5 4
-6 8
+5 4
+2 8
+1 8
+3 16
-32 4
+32 8
+50 16
+1 15
-51 432
+1 216
+6 40
cfi=(27)
cfn=(72)
calls=8 24 
* 232
* 16
+5 40
-3 8
+3 8
cfi=(29)
cfn=(90)
calls=8 -91 
* 23105
+2 24
+15 8
+2 16
+5 4
+6 4
-6 8
+3 4
+1 4
+1 4
+1 4
+4 20
-2 16
-57 8
-19 2
471 12
+2 12
+3 8
-1 4
cfi=(15)
cfn=(36)
calls=4 93 
* 136
* 4
+2 4
-2 4
+2 4
+3 4
+1 16
+1 4
-1 8
cfi=(16)
cfn=(42)
calls=4 61 
* 95
+1 16
cfi=(16)
cfn=(42)
calls=4 61 
* 95
+4 4
-1 4
+5 24
+3 15
-1 6
+1 12
202 1
497 6
+1 2
+3 5
+11 3
-1 1
cfi=(15)
cfn=(36)
calls=1 93 
* 34
* 1
+3 1
-3 1
+3 1
+5 7
+1 4
+2 13
+6 15
+4 5
-10 5
+10 5
-10 11
+6 3
+4 1
-10 1
+10 1
-10 3
+13 2
+51 6
+2 3
+42 2
+1 1
-1 6
+1 1
cfi=(26)
cfn=(70)
calls=1 30 
* 18
* 1
-2 10
+13 1
-6 1
-1 1
+1 1
+6 2
-13 12
+13 4
-6 4
-1 4
+1 4
+6 12
+2 16
+1 8
-1 24
+1 16
+3 45
-1 63
+23 10
-28 20
+31 15
+3 40
cfi=(26)
cfn=(70)
calls=4 30 
* 44
* 27
217 12
+1 27
+2 4
+2 12
+2 39
658 2
+25 2
+2 1
+1 1
-1 1
+2 3
+7 3
+3 2
+3 8
295 300
623 7
cfi=(16)
cfn=(42)
calls=1 61 
* 47
+2 1
-38 1
+38 2

fn=(122)
60 16
+7 8
-4 24
+1 8
-1 8
+1 8
-1 40
cfi=(21)
cfn=(98)
calls=8 2317 
* 22481
* 8
+5 16

ob=(7)
fl=(89)
fn=(536)
0 16
cob=(2)
cfi=(14)
cfn=(538) 0x00000000004008d0
calls=1 0 
0 6
0 7
cfn=(542) 0x0000000000400ae0
calls=1 0 
0 15
0 11

fn=(522)
0 11
cob=(3)
cfi=(90)
cfn=(530)
calls=1 133 
0 5946447604
cob=(1)
cfi=(52)
cfn=(220)
calls=1 34 
0 1178
0 5

fn=(542)
0 15

fl=(95)
fn=(556)
51 8
+3 3
cob=(5)
cfi=(70)
cfn=(562) omp_init_lock
calls=1 -54 
* 2
cob=(1)
cfi=(52)
cfn=(220)
calls=1 -20 
* 844
* 5
+1 2
cfn=(564) init_t
calls=1 -38 
* 1216372
* 1
+3 6
cob=(3)
cfi=(96)
cfn=(570)
calls=1 2876 
* 303
* 1
* 1
+1 6
cob=(3)
cfi=(96)
cfn=(570)
calls=1 2876 
* 173
* 1
* 1
+2 1
+1 1
+3 21
cob=(5)
cfi=(70)
cfn=(612) GOMP_parallel_start
calls=1 -65 
* 82977
cob=(1)
cfi=(52)
cfn=(220)
calls=1 -31 
* 941
* 5
* 3
cfn=(804) main._omp_fn.0
calls=1 * 
* 5945145724

fn=(804)
65 36
+2 2360
+1 784
cob=(5)
cfi=(70)
cfn=(810) GOMP_barrier
calls=784 -68 
* 9782227
cob=(1)
cfi=(52)
cfn=(220)
calls=1 -34 
* 842
* 788
+1 9408
cob=(3)
cfi=(113)
cfn=(850)
calls=784 -44 
* 1114848
cob=(1)
cfi=(52)
cfn=(220)
calls=1 -35 
* 1022
* 788
+1 1568
+1 3136
cob=(5)
cfi=(70)
cfn=(856) omp_get_num_threads
calls=784 -71 
* 4704
cob=(1)
cfi=(52)
cfn=(220)
calls=1 -37 
* 940
* 788
* 7056
+1 3136
+3 4704
+1 784016
+46 780
cob=(5)
cfi=(70)
cfn=(810)
calls=780 0 
* 10848159
* 780
+1 3120
-56 1560
+60 390056
-50 975140
+1 1170168
+1 975140
+3 195028
cob=(5)
cfi=(70)
cfn=(862) omp_get_thread_num
calls=195028 -82 
* 585084
cob=(1)
cfi=(52)
cfn=(220)
calls=1 -48 
* 925
* 195032
* 390056
+4 195028
cob=(5)
cfi=(70)
cfn=(810)
calls=195028 -86 
* 2721594217
* 195028
+1 195027
cob=(5)
cfi=(70)
cfn=(862)
calls=195027 -87 
* 585081
* 195027
* 780108
+1 390054
+1 5265729
+1 780108
+16 195027
cob=(5)
cfi=(70)
cfn=(810)
calls=195027 0 
* 3399591918
* 195027
+1 780096
+9 195024
cob=(5)
cfi=(70)
cfn=(862)
calls=195024 0 
* 585072
* 195024
* 585072
-40 390048
+41 195024
+1 195024
+1 243780
-11 780096
cob=(5)
cfi=(70)
cfn=(870) omp_set_lock
calls=195024 0 
* 1560192
cob=(1)
cfi=(52)
cfn=(220)
calls=1 -74 
* 835
* 195028
+1 780096
+3 2925360
cob=(3)
cfi=(113)
cfn=(850)
calls=195024 -87 
* 276251496
* 195024
+1 780096
cob=(5)
cfi=(70)
cfn=(876) omp_unset_lock
calls=195024 0 
* 975120
cob=(1)
cfi=(52)
cfn=(220)
calls=1 -79 
* 865
* 195028
* 195024
-3 29592
-19 2925405
cob=(3)
cfi=(113)
cfn=(850)
calls=195027 -66 
* 275183097
* 195027
+2 586056135
+1 926378000
+7 4095567000
-8 390054000
+9 27345129
-4 3949290000
+1 4388100000
-1 731350000
-3 1316439000
+1 1170168000
-1 243785000
-11 97514
-1 780112
cob=(3)
cfi=(113)
cfn=(850)
calls=48757 -58 
* 69064285
* 48757
* 48757
-3 3120
-9 3136
cob=(5)
cfi=(70)
cfn=(856)
calls=784 -71 
* 4704
* 784
* 6272
cob=(5)
cfi=(70)
cfn=(856)
calls=784 -71 
* 4704
* 784
* 12544
cob=(5)
cfi=(70)
cfn=(856)
calls=784 -71 
* 4704
* 784
* 4704

fn=(564)
17 4
+1 6
cob=(3)
cfi=(96)
cfn=(570)
calls=1 2876 
* 59237
cob=(1)
cfi=(52)
cfn=(220)
calls=1 +16 
* 1021
* 5
* 1
+1 2
+1 11022
cob=(3)
cfi=(96)
cfn=(606)
calls=1002 3161 
* 1093956
cob=(1)
cfi=(52)
cfn=(220)
calls=1 +14 
* 1020
* 1006
* 1002
-1 5014
+3 2
+1 4008
+1 8008
+1 13013
+2 13013
-5 5005
+5 13
-5 9
+8 1
+1 4

ob=(6)
fl=(88)
fn=(512)
0 16

ob=(5)
fl=(70)
fn=(496)
0 4
cob=(4)
cfi=(87) /build/eglibc-3GlaMS/eglibc-2.19/nptl/pthread_key_create.c
cfn=(502) pthread_key_create
calls=1 28 
0 19
cob=(1)
cfi=(52)
cfn=(220)
calls=1 34 
0 1070
0 5
0 6

fn=(682) 0x00000000000047f0
0 3
cob=(3)
cfi=(96)
cfn=(688)
calls=1 2952 
0 249
cob=(1)
cfi=(52)
cfn=(220)
calls=1 34 
0 1055
0 5
0 4

fn=(562)
0 2

fn=(612)
0 8
cfn=(614) 0x0000000000007380
calls=1 0 
0 24
0 3
cfn=(628) 0x00000000000084b0
calls=1 0 
0 1281
0 76
cfn=(668) 0x0000000000007820
calls=1 0 
0 14
0 62
cfn=(668)
calls=1 0 
0 14
0 50
cfn=(668)
calls=2 0 
0 28
0 39
cob=(4)
cfi=(107) /build/eglibc-3GlaMS/eglibc-2.19/nptl/pthread_create.c
cfn=(716) pthread_create@@GLIBC_2.2.5
calls=3 466 
0 7478
cob=(1)
cfi=(52)
cfn=(220)
calls=1 34 
0 1010
0 7
0 24
cfn=(762) 0x0000000000009bf0
calls=1 0 
0 70161
0 39
cfn=(682)
calls=1 0 
0 1316
0 7
cfn=(630) 0x00000000000047a0
calls=1 0 
0 192
0 10
cob=(4)
cfi=(106) /build/eglibc-3GlaMS/eglibc-2.19/nptl/pthread_setspecific.c
cfn=(658) pthread_setspecific
calls=1 28 
0 34
cob=(1)
cfi=(52)
cfn=(220)
calls=1 34 
0 1085
0 5
0 10

fn=(788) 0x0000000000008290
0 123
cfn=(762)
calls=3 0 
0 38657
0 12
cob=(7)
cfi=(95)
cfn=(804)
calls=3 65 
0 18673615308

fn=(642) 0x0000000000008dd0
0 14

fn=(876)
0 975120

fn=(316) 0x00000000000037b0
0 24
cob=(3)
cfi=(71) /build/eglibc-3GlaMS/eglibc-2.19/stdlib/getenv.c
cfn=(304) getenv
calls=3 35 
0 1593
0 3
0 27

fn=(288)
0 16

fn=(328) 0x0000000000003870
0 22
cob=(3)
cfi=(71)
cfn=(304)
calls=2 35 
0 1098
0 2
0 26

fn=(480) 0x0000000000003970
0 20
cob=(3)
cfi=(71)
cfn=(304)
calls=2 35 
0 1043
0 2
0 26

fn=(668)
0 56

fn=(762)
0 108818

fn=(856)
0 18816

fn=(870)
0 1560192

fn=(342) 0x00000000000097c0
0 3
cob=(4)
cfi=(74) /build/eglibc-3GlaMS/eglibc-2.19/nptl/pthread_self.c
cfn=(348) pthread_self
calls=1 26 
0 2
cob=(1)
cfi=(52)
cfn=(220)
calls=1 34 
0 980
0 5
0 4
cob=(4)
cfi=(75) /build/eglibc-3GlaMS/eglibc-2.19/nptl/../nptl/sysdeps/unix/sysv/linux/pthread_getaffinity.c
cfn=(356) pthread_getaffinity_np@@GLIBC_2.3.4
calls=1 31 
0 1068
cob=(1)
cfi=(52)
cfn=(220)
calls=1 34 
0 1130
0 5
0 4
cfn=(368) 0x0000000000009730
calls=1 0 
0 1296
0 7

fn=(368)
0 4
cob=(3)
cfi=(79)
cfn=(380)
calls=1 27 
0 103
cob=(1)
cfi=(52)
cfn=(220)
calls=1 34 
0 1181
0 5
0 3

fn=(614)
0 24

fn=(630)
0 6
cob=(3)
cfi=(96)
cfn=(570)
calls=2 2876 
0 361
cob=(1)
cfi=(52)
cfn=(220)
calls=1 34 
0 1021
0 6
0 8

fn=(810)
0 6141816521

fn=(628)
0 12
cfn=(630)
calls=1 0 
0 1210
0 7
cfn=(642)
calls=1 0 
0 14
0 38

fn=(296)
0 10
cob=(3)
cfi=(71)
cfn=(304)
calls=1 35 
0 531
cob=(1)
cfi=(52)
cfn=(220)
calls=1 34 
0 1053
0 5
0 6
cfn=(316)
calls=1 0 
0 549
0 3
cfn=(316)
calls=1 0 
0 549
0 3
cfn=(316)
calls=1 0 
0 549
0 4
cfn=(328)
calls=1 0 
0 574
0 4
cfn=(328)
calls=1 0 
0 574
0 4
cfn=(342)
calls=1 0 
0 4504
0 4
cob=(3)
cfi=(71)
cfn=(304)
calls=1 35 
0 499
0 1
0 4
cob=(3)
cfi=(80) /build/eglibc-3GlaMS/eglibc-2.19/ctype/../include/ctype.h
cfn=(396) __ctype_b_loc
calls=1 34 
0 3
cob=(1)
cfi=(52)
cfn=(220)
calls=1 34 
0 1104
0 5
0 10
cob=(4)
cfi=(81) /build/eglibc-3GlaMS/eglibc-2.19/nptl/../csu/errno-loc.c
cfn=(410) __errno_location
calls=1 26 
0 3
cob=(1)
cfi=(52)
cfn=(220)
calls=1 34 
0 1040
0 5
0 6
cob=(3)
cfi=(82)
cfn=(418)
calls=1 108 
0 105
cob=(1)
cfi=(52)
cfn=(220)
calls=1 34 
0 1036
0 5
0 15
cob=(3)
cfi=(71)
cfn=(304)
calls=1 35 
0 512
0 1
0 7
cob=(3)
cfi=(71)
cfn=(304)
calls=1 35 
0 549
0 1
0 5
cob=(3)
cfi=(71)
cfn=(304)
calls=1 35 
0 494
0 1
0 8
cob=(4)
cfi=(84) /build/eglibc-3GlaMS/eglibc-2.19/nptl/pthread_attr_init.c
cfn=(462) pthread_attr_init@@GLIBC_2.2.5
calls=1 35 
0 1160
cob=(1)
cfi=(52)
cfn=(220)
calls=1 34 
0 1055
0 5
0 3
cob=(4)
cfi=(86) /build/eglibc-3GlaMS/eglibc-2.19/nptl/pthread_attr_setdetachstate.c
cfn=(476) pthread_attr_setdetachstate
calls=1 35 
0 5
cob=(1)
cfi=(52)
cfn=(220)
calls=1 34 
0 1205
0 5
0 3
cfn=(480)
calls=1 0 
0 573
0 5
cfn=(480)
calls=1 0 
0 518
0 24

fn=(862)
0 1755237

ob=(3)
fl=(96)
fn=(592)
2527 4
+42 3
+19 1
+3 2
+1 6
+2 1
-2 1
+2 1
+1 4
cfi=(103)
cfn=(596)
calls=1 46 
* 26
+12 3
+8 2
+1 3
+39 1
+1 1
-2 1
+1 3
+12 1
-12 1
+1 1
+11 1
2527 2
+42 3
2369 2

fn=(594)
4104 8
+22 2
4996 1
4126 3
1785 1
+3 3
-3 128
+3 378
-3 252
+7 3
+5 1
+2 1
-2 1
4199 8
1796 3

fn=(606)
3161 1005
+13 3015
-13 1005
+10 2010
-10 3015
+13 2010
+10 2010
+1 2010
+12 10053
+7 1005
+8 1005
-7 2010
+7 2010
+7 3015
cfn=(592)
calls=1005 +83 
* 140233
+3 1005
-3 1005
+3 9045
+16 4023
+4 3015
+11 1005
-3 1005
+3 2010
-14 1005
+14 2010
+11 1005
+1 2010
+1 2010
+2 2010
-15 3015
+16 2010
+25 5025
-25 1005
cfi=(76) /build/eglibc-3GlaMS/eglibc-2.19/string/../sysdeps/x86_64/memset.S
cfn=(362) memset
calls=1005 53 
* 876142

fn=(570)
2876 24
+5 12
+1 12
+3 10
+2 40
+4 15
cfn=(592)
calls=5 3302 
* 825
+1 5
-1 5
+1 5
+11 20
+1 40
+3 25
-24 1
+24 3
-24 1
cfi=(97)
cfn=(572)
calls=1 30 
* 59224

fn=(571)
2876 4
+5 2
+1 2
+3 2
+2 8
+4 3
cfn=(592)
calls=1 3302 
* 1136
+1 1
-1 1
+1 1
+11 4
+1 8
+3 5

fl=(57)
fn=(246)
86 1
+2 1
-2 5
+2 1
-2 1
+2 4
-44 2
+7 2
+1 3
+19 3
+1 1
+1 1
+22 1
+1 1
+1 1
+1 2
+18 2
+1 6
-13 4
+2 2
+1 3
-1 1
+1 2

fn=(590) __linkin_atfork
116 2
+1 6
+2 1

fl=(46)
fn=(186)
49 1
-49 12

fl=(69)
fn=(282)
33 3
+1 1

fl=(111) /build/eglibc-3GlaMS/eglibc-2.19/misc/../sysdeps/unix/sysv/linux/x86_64/clone.S
fn=(746) clone
55 3
+1 3
+1 3
+1 3
+1 3
+3 3
+1 3
+4 3
+3 3
+1 3
+1 3
+1 3
+1 3
+5 3
+2 6
+1 6
+1 6
+2 3
+8 3
+3 3
+1 3
+12 3
+1 3
+1 3
cob=(4)
cfi=(107)
cfn=(778) start_thread
calls=3 233 
* 18673656560

fl=(98)
fn=(574)
371 6
+13 1
-8 1
+8 1
+7 2
+1 2
-1 1
+1 10
cfi=(57)
cfn=(590)
calls=1 116 
* 9
+2 5
+16 2
-74 148
+16 74
-18 225
455 2
+6 2
+1 2
+2 1
+1 7
-80 5
cfi=(99) /build/eglibc-3GlaMS/eglibc-2.19/elf/dl-addr.c
cfn=(576) _dl_addr
calls=1 126 
* 57520
* 2
+1 4
-49 2
+1 2

fl=(80)
fn=(396)
34 2
+1 1

fl=(41)
fn=(172)
54 1
-9 1
+9 1
+3 1
-3 1
+3 5
+95 2
+1 7
+7 3
+4 2
+2 3
+18 2
+5 1
+1 1
+2 1
+1 2
-9 4
+1 5
+1 2
-16 2
+1 1
+2 2
+3 2
31 2
+6 1
-6 1
+7 1
-1 1
+28 1
-27 1
+27 1
-28 1
+2 1
-1 1
+1 1
+26 1
+1 1
-35 4
+35 1
+5 1
-12 1
+12 1
+3 12
+27 1
-42 1
+42 1
+22 1
-64 1
+68 1

fl=(73) /build/eglibc-3GlaMS/eglibc-2.19/string/../sysdeps/x86_64/multiarch/../strcmp.S
fn=(308) __GI_strncmp
174 9
+1 9
+1 9
+1 9
+1 9
+2 9
+1 9
+2 9
+1 9
+21 9
+1 9
+1 7
+1 7
+1 7
+1 7
+1 7
+1 7
+21 7
+1 7
+1 7
+1 7
+1 7
+1 7
+1 7
+15 2
+1 2
+1 2
+1 2
+1 2
+1 2
+1 2
+1 2
+1 2
+5 2
+1 2
+1 2
+1 2
+1 2
+1 2
1482 1
+1 1
+1 1
+1 1
+1 1
+2 1
+1 1
+1 1
+1 1
+1 1
+1 1
+1 1
1607 1
+1 1
+1 1
+1 1
+1 1
+2 1
+1 1
+1 1
+1 1
+1 1
+1 1
+1 1
2238 2
+1 2
+1 2
+1 2
+6 9
+3 9
+1 9
+2 8
+1 8
+8 8
+1 8
+3 1
+1 1

fl=(64) /build/eglibc-3GlaMS/eglibc-2.19/misc/init-misc.c
fn=(268) __init_misc
30 4
+1 5
+2 3
cfi=(65)
cfn=(270)
calls=1 -9 
* 24
+4 5
+1 3
+2 4

fl=(92)
fn=(550)
30 4
+2 4
cfi=(93)
cfn=(552)
calls=4 -6 
* 108

fl=(109) /build/eglibc-3GlaMS/eglibc-2.19/misc/../sysdeps/unix/syscall-template.S
fn=(736) mprotect
81 12
+1 3

fn=(724) mmap
81 15
+1 3

fl=(42)
fn=(174)
37 1
-1 1
fi=(43)
+8 1
fe=(42)
-7 2
fi=(43)
+8 1
fe=(42)
-8 1
fi=(43)
+6 1
+5 3
+1 2
+13 2
-17 3
+3 9
+1 6
+13 6
-17 9
+22 1
fe=(42)
-30 2
+3 2
-3 1
+3 1
cfi=(44)
cfn=(178)
calls=1 -13 
* 7
* 3
+1 3

fl=(104)
fn=(598)
34 61
+8 61
-8 183
+8 363
+4 122
+4 240
+3 60
cfi=(105)
cfn=(600)
calls=60 -22 
* 780
* 120
+4 305
-14 2
cfi=(105)
cfn=(600)
calls=1 -12 
* 13
* 4

fl=(76)
fn=(362)
53 1006
+1 1006
+1 1006
+1 1006
+1 1006
+2 1006
+1 1006
+17 1006
+1 1006
+1 1006
+1 1006
+1 1006
+1 1006
+1 1006
+1 1006
+1 1006
+1 1006
+1 1006
+1 1006
+1 1006
+1 2012
+3 1006
+1 1006
+1 1006
+1 1006
+1 1006
+1 1006
+1 1006
-6 120856
+1 120856
+1 120856
+1 120856
+1 120856
+1 120856
+1 120856
+1 1006

fl=(71)
fn=(304)
35 96
+1 12
cfi=(72)
cfn=(306)
calls=12 +30 
* 246
* 12
+4 84
+3 24
+49 108
-24 12
+6 12
+2 12
-3 12
+3 3552
+9 1802
cfi=(73)
cfn=(308)
calls=9 +89 
* 313
* 18
+1 2
+1 2

fl=(99)
fn=(576)
126 9
+5 1
-5 2
+5 2
cob=(4)
cfi=(100) /build/eglibc-3GlaMS/eglibc-2.19/nptl/../nptl/pthread_mutex_lock.c
cfn=(578) pthread_mutex_lock
calls=1 -68 
* 34
+2 2
cob=(1)
cfi=(101)
cfn=(586)
calls=1 +49 
* 46
cob=(1)
cfi=(52)
cfn=(220)
calls=1 -99 
* 1363
* 5
+2 2
30 1
+1 1
-1 1
+1 1
+3 2
+5 1
+6 1
-7 1
+2 2
+2 1
-2 1
+2 1
+3 1
+5 7
+2 1
+1 2
-1 1010
+1 2020
+2 4927
+6 11060
+2 8848
+1 16231
+7 2212
-2 2212
+2 5435
-21 2022
+49 3
+1 1
+1 3
+3 2
+37 3
cob=(4)
cfi=(102) /build/eglibc-3GlaMS/eglibc-2.19/nptl/pthread_mutex_unlock.c
cfn=(588) pthread_mutex_unlock
calls=1 41 
* 27
+3 9
-28 1
+1 1
+21 2

fl=(61)
fn=(262)
52 8
+6 3
+14 1
fi=(62) /build/eglibc-3GlaMS/eglibc-2.19/csu/../sysdeps/generic/dl-hash.h
-28 1
fe=(61)
+26 1
+1 1
fi=(63) /build/eglibc-3GlaMS/eglibc-2.19/csu/../sysdeps/unix/sysv/linux/x86_64/init-first.c
-33 1
fi=(62)
+7 1
fi=(63)
-7 1
fe=(61)
+34 1
fi=(63)
-34 2
fi=(62)
+5 1
+5 3
+1 2
+13 2
-17 3
+3 9
+1 6
+13 6
-17 9
fe=(61)

ob=(2)
fl=(14)
fn=(206)
0 2
cob=(4)
cfi=(49) /build/eglibc-3GlaMS/eglibc-2.19/nptl/nptl-init.c
cfn=(208) __pthread_initialize_minimal
calls=1 281 
0 5675
0 2

fn=(284)
0 6

fn=(508)
0 4

ob=(3)
fl=(61)
fn=(262)
fi=(62)
67 1
fi=(63)
-29 2
+2 2
-2 1
+2 2
cfi=(44)
cfn=(178)
calls=1 -13 
* 7
+1 2
+5 2
-3 2
+1 1
+2 1
cfi=(44)
cfn=(178)
calls=1 -19 
* 7
fe=(61)
+40 1
fi=(63)
-36 1
fe=(61)
+36 2
fi=(63)
-36 2
+1 2
+1 1
fe=(61)
+34 1
cfi=(64)
cfn=(268)
calls=1 -56 
* 48
+8 1
cfi=(66) /build/eglibc-3GlaMS/eglibc-2.19/ctype/ctype-info.c
cfn=(272) __ctype_init
calls=1 -63 
* 16
+5 6

ob=(2)
fl=(14)
fn=(508)
0 2

fn=(538)
0 4

ob=(3)
fl=(61)
fn=(262)
65 1
-7 1
+7 4
fi=(63)
-23 2
fe=(61)

fl=(66)
fn=(272)
31 20
+2 4
-2 8
+2 12
+2 20

fl=(78)
fn=(376)
35 1
-35 9

ob=(2)
fl=(14)
fn=(538)
0 2

ob=(4)
fl=(87)
fn=(502)
28 1
+2 2
+2 1
+2 5
+2 3
+4 4
+3 1
+3 2

fl=(50) /build/eglibc-3GlaMS/eglibc-2.19/nptl/../sysdeps/unix/sysv/linux/x86_64/sigaction.c
fn=(210) __libc_sigaction
49 2
+4 2
-4 2
+4 2
+3 2
-1 2
+1 4
-1 2
+1 58
+1 8
+2 4
+5 32
+3 4
+8 4
-8 4

fl=(74)
fn=(348)
26 1
+1 1

fl=(106)
fn=(658)
28 1
+7 1
-7 5
+11 2
+3 5
+2 1
-2 3
+4 2
+3 1
-3 1
+3 1
+35 1
+5 1
+1 1
-1 1
+4 1
-1 1
+1 5

fl=(81)
fn=(410)
26 2
+1 1

fl=(110) /build/eglibc-3GlaMS/eglibc-2.19/nptl/../nptl/sysdeps/pthread/createthread.c
fn=(740) do_clone.constprop.3
51 3
+8 3
-8 18
+8 9
+14 3
+2 27
cob=(3)
cfi=(111)
cfn=(746)
calls=3 -20 
* 54
cob=(1)
cfi=(52)
cfn=(220)
calls=1 -41 
* 1036
* 7
+3 6
+18 6
+44 3
+2 3
+1 15

fl=(84)
fn=(462)
35 2
+6 24
+6 1
cob=(3)
cfi=(85)
cfn=(468)
calls=1 -18 
* 5
cob=(1)
cfi=(52)
cfn=(220)
calls=1 -13 
* 1118
* 5
* 2
+3 3

fl=(100)
fn=(578)
63 1
+3 1
-3 1
+3 1
+4 1
-4 1
+4 2
+4 2
+84 1
+5 1
-2 1
+7 1
+1 2
-86 2
+11 4
+4 1
+3 2
+13 5
+2 2
+1 2

fl=(107)
fn=(716)
466 27
+6 3
-6 9
+5 3
+1 3
fi=(108) /build/eglibc-3GlaMS/eglibc-2.19/nptl/allocatestack.c
353 3
cob=(3)
cfi=(85)
cfn=(468)
calls=3 29 
* 15
* 3
* 6
+3 9
+5 9
+4 12
+1 3
+1 6
+4 9
475 6
+11 3
-11 3
+11 3
-11 21
+12 6
+4 21
+2 9
+1 3
-2 6
179 12
+8 12
641 9
+70 6
+15 3
-10 3
+5 3
+3 3
+2 3
+2 3
+7 9
fe=(107)
528 3
-9 3
+3 3
+11 3
-5 3
+1 3
+4 6
-4 3
+3 3
+2 9
+5 9
-6 3
+6 3
+3 18
+5 3
+1 3
-1 3
+1 3
+4 6
+5 6
+4 9
+45 6
fi=(110)
151 6
+35 12
+52 6
+2 3
-2 3
+3 3
+1 6
+3 9
cfn=(740)
calls=3 51 
* 1193
+3 3
-3 3
+3 9
fe=(107)
614 6
+3 3
+1 24
fi=(110)
239 3
-2 3
+2 6
fi=(108)
706 12
212 6
509 6
+4 3
-4 3
+4 6
-4 6
+4 9
cob=(3)
cfi=(109)
cfn=(724)
calls=3 81 
* 18
cob=(1)
cfi=(52)
cfn=(220)
calls=1 34 
* 1006
* 7
+3 3
-3 3
+3 6
+5 6
+27 12
+9 3
+6 3
-5 3
+8 3
-3 3
+5 9
+15 3
+3 6
+3 6
cob=(1)
cfi=(36)
cfn=(730)
calls=3 459 
* 2195
cob=(1)
cfi=(52)
cfn=(220)
calls=1 34 
* 1266
* 7
* 9
+13 12
+3 3
154 9
fi=(114) /build/eglibc-3GlaMS/eglibc-2.19/nptl/../nptl/sysdeps/pthread/list.h
-94 3
+1 6
-1 3
+2 3
+2 3
fi=(108)
+98 3
607 6
+7 6
+36 12
cob=(3)
cfi=(109)
cfn=(736)
calls=3 81 
* 15
cob=(1)
cfi=(52)
cfn=(220)
calls=1 34 
* 1074
* 7
* 6
fe=(107)

fn=(778)
233 12
+6 12
+1 3
+5 9
+4 3
cob=(3)
cfi=(66)
cfn=(272)
calls=3 31 
* 48
cob=(1)
cfi=(52)
cfn=(220)
calls=1 34 
* 1158
* 7
+3 12
+11 15
+8 6
+19 3
-4 3
+1 3
+3 3
cob=(3)
cfi=(92)
cfn=(550)
calls=3 30 
* 87
cob=(1)
cfi=(52)
cfn=(220)
calls=1 34 
* 1042
* 7
+1 6
+3 6
+2 9
+16 6
cob=(5)
cfi=(70)
cfn=(788)
calls=3 0 
* 18673654100

fl=(49)
fn=(208)
281 1
+16 1
-2 1
-14 1
+16 1
-16 2
+16 3
+1 2
+1 1
+4 3
+5 1
+4 1
+3 2
-7 1
+2 1
+5 1
+31 1
-6 1
+6 6
+3 1
-3 1
+3 1
+1 2
+1 2
+7 3
+3 1
fi=(114)
60 1
fe=(49)
361 1
+1 1
fi=(114)
60 1
+1 1
+1 1
+2 1
fe=(49)
366 2
+6 1
+2 2
-1 1
+1 1
+2 1
-4 1
+2 19
+2 3
cfi=(50)
cfn=(210)
calls=1 49 
* 66
+3 1
+3 3
-2 1
-1 1
+3 1
cfi=(50)
cfn=(210)
calls=1 49 
* 66
fi=(51) /build/eglibc-3GlaMS/eglibc-2.19/nptl/../sysdeps/unix/sysv/linux/bits/sigset.h
117 1
fe=(49)
389 1
fi=(51)
117 1
fe=(49)
389 5
+6 3
cob=(1)
cfi=(36)
cfn=(226)
calls=1 -75 
* 5
cob=(1)
cfi=(52)
cfn=(220)
calls=1 34 
* 1363
* 5
+3 3
+4 2
+5 2
-5 4
+5 1
cob=(3)
cfi=(54)
cfn=(232)
calls=1 81 
* 5
cob=(1)
cfi=(52)
cfn=(220)
calls=1 34 
* 1057
* 5
* 2
+12 1
+7 1
-7 1
+1 5
+5 4
+1 3
+1 2
+1 3
+1 2
+4 1
cob=(3)
cfi=(55)
cfn=(238)
calls=1 48 
* 3
cob=(1)
cfi=(52)
cfn=(220)
calls=1 34 
* 1230
* 5
* 1
+10 1
-10 1
cob=(1)
cfi=(2)
cfn=(92)
calls=1 798 
* 2
* 2
+1 1
+6 1
+1 1
-7 1
+4 1
+4 1
-4 1
+1 2
+3 1
+3 1
+11 3
-11 1
+3 2
+2 2
+6 1
cob=(3)
cfi=(56)
cfn=(244)
calls=1 42 
* 443
cob=(1)
cfi=(52)
cfn=(220)
calls=1 34 
* 1238
* 5
+4 1
-6 1
+7 5
-53 3
+4 1
+3 3
-15 3

fl=(75)
fn=(356)
31 1
+4 1
-4 1
+4 5
+2 2
+4 2
-10 1
+10 4
cob=(3)
cfi=(76)
cfn=(362)
calls=1 +12 
* 30
cob=(1)
cfi=(52)
cfn=(220)
calls=1 -7 
* 1013
* 5
+2 1
+1 2

fl=(102)
fn=(588)
41 1
309 1
41 1
+1 1
-1 1
+1 2
+4 2
+5 1
+3 1
+3 3
311 2
63 2
+6 4
+4 3
+3 2

fl=(60) /build/eglibc-3GlaMS/eglibc-2.19/nptl/../sysdeps/x86_64/multiarch/init-arch.c
fn=(260) __get_cpu_features
200 3
54 1
199 1
54 1
+3 1
-3 1
+3 5
-26 2
+6 1
-6 1
+7 1
-1 1
+28 1
-27 1
+27 1
-28 1
+2 1
-1 1
+1 1
+26 1
+1 1
-35 4
+35 1
+5 1
-12 1
+12 1
+3 12
+78 2
+1 7
+7 3
+4 2
+2 3
+4 2
+1 1
+2 2
+3 2
+8 2
+5 1
+1 1
+14 1
-12 1
+12 2
-20 4
+1 4
+1 2
-85 1
-42 1
+42 1
+22 1
-64 2

fl=(86)
fn=(476)
35 2
+6 1
+4 2

fl=(58)
fn=(250)
0 16

fl=(59)
fn=(258)
64 1
+1 1
cfi=(60)
cfn=(260)
calls=1 200 
* 96
* 4
+4 2

totals: 24620284354
